0 0 0 0 0 0 0 0 0 0 0 0 0 0 0 0 0 0 0 0 0 0 0 0 0 0 0 0 0 0 0 0 0 0 0 0 0 0 0 0 0 0 0 0 0 0 0 0 0 0 0 0 0 0 0 0 0 0 0 0 0 0 0 0 0 0 0 0 0 0 0 0 0 0 0 0 0 0 0 0 0 0 0 0 0 0 0 0 0 0 0 0 0 0 0 0 0 0 0 0 0 0 0 0 0 0 0 0 0 0 0 0 0 0 0 0 0 0 0 0 0 0 0 0 0 0 0 0 0 0 0 0 0 0 0 0 0 0 0 0 0 0 0 0
0 0 0 0 0 0 0 0 0 0 0 0 0 0 0 0 0 0 0 0 0 0 0 0 0 0 0 0 0 0 0 0 0 0 0 0 0 0 0 0 0 0 0 0 0 0 0 0 0 0 0 0 0 0 0 0 0 0 0 0 0 0 0 0 0 0 0 0 0 0 0 0 0 0 0 0 0 0 0 0 0 0 0 0 0 0 0 0 0 0 0 0 0 0 0 0 0 0 0 0 0 0 0 0 0 0 0 0 0 0 0 0 0 0 0 0 0 0 0 0 0 0 0 0 0 0 0 0 0 0 0 0 0 0 0 0 0 0 0 0 0 0 0 0
0 -27 11 0 0 -119 0 114 0 0 0 -128 0 0 0 0 0 123 0 -94 -128 -54 0 -103 0 86 0 0 0 0 0 69 0 -128 0 127 0 0 0 0 0 0 -23 -128 127 127 -25 0 0 -41 42 0 0 -113 0 64 0 0 0 -128 0 0 0 0 0 127 0 -128 -128 -43 0 -93 0 111 0 0 0 0 0 77 0 -128 0 127 0 0 0 0 0 0 70 -128 127 127 -40 0 0 -56 127 0 0 -63 0 -128 0 0 0 -22 0 0 0 0 0 127 0 -128 -128 68 0 -128 0 127 0 0 0 0 0 125 0 -128 0 127 0 0 0 0 0 0 127 -128 127 127 -55 0
0 0 0 0 0 0 0 0 0 0 0 0 0 0 0 0 0 0 0 0 0 0 0 0 0 0 0 0 0 0 0 0 0 0 0 0 0 0 0 0 0 0 0 0 0 0 0 0 0 0 0 0 0 0 0 0 0 0 0 0 0 0 0 0 0 0 0 0 0 0 0 0 0 0 0 0 0 0 0 0 0 0 0 0 0 0 0 0 0 0 0 0 0 0 0 0 0 0 0 0 0 0 0 0 0 0 0 0 0 0 0 0 0 0 0 0 0 0 0 0 0 0 0 0 0 0 0 0 0 0 0 0 0 0 0 0 0 0 0 0 0 0 0 0
0 -9 127 0 0 -128 0 -48 0 0 0 -128 0 0 0 0 0 -128 0 -23 13 127 0 -128 0 127 0 0 0 0 0 -128 0 -128 0 -94 0 0 0 0 0 0 -128 -128 -128 127 -7 0 0 -20 127 0 0 -128 0 -34 0 0 0 -128 0 0 0 0 0 -128 0 11 34 127 0 -128 0 127 0 0 0 0 0 -128 0 -104 0 -124 0 0 0 0 0 0 -128 -128 -128 127 -19 0 0 -18 127 0 0 -128 0 -128 0 0 0 -128 0 0 0 0 0 -128 0 127 -128 127 0 -128 0 127 0 0 0 0 0 -128 0 4 0 -128 0 0 0 0 0 0 -128 -128 -128 127 -18 0
0 0 0 0 0 0 0 0 0 0 0 0 0 0 0 0 0 0 0 0 0 0 0 0 0 0 0 0 0 0 0 0 0 0 0 0 0 0 0 0 0 0 0 0 0 0 0 0 0 0 0 0 0 0 0 0 0 0 0 0 0 0 0 0 0 0 0 0 0 0 0 0 0 0 0 0 0 0 0 0 0 0 0 0 0 0 0 0 0 0 0 0 0 0 0 0 0 0 0 0 0 0 0 0 0 0 0 0 0 0 0 0 0 0 0 0 0 0 0 0 0 0 0 0 0 0 0 0 0 0 0 0 0 0 0 0 0 0 0 0 0 0 0 0
0 42 -49 0 0 -18 0 41 0 0 0 1 0 0 0 0 0 9 0 -64 -36 44 0 -40 0 60 0 0 0 0 0 30 0 20 0 -40 0 0 0 0 0 0 -54 27 11 10 42 0 0 55 -66 0 0 -16 0 32 0 0 0 -5 0 0 0 0 0 -27 0 -113 -24 54 0 -57 0 34 0 0 0 0 0 28 0 -33 0 -60 0 0 0 0 0 0 -51 40 -12 -22 55 0 0 127 67 0 0 -128 0 -39 0 0 0 -112 0 0 0 0 0 127 0 -41 -39 127 0 -128 0 127 0 0 0 0 0 127 0 -128 0 72 0 0 0 0 0 0 -128 -128 -128 122 127 0
0 -43 -95 0 0 -128 0 -60 0 0 0 -128 0 0 0 0 0 127 0 104 -54 79 0 -26 0 22 0 0 0 0 0 -105 0 127 0 127 0 0 0 0 0 0 -89 -128 -65 -40 -40 0 0 -33 -113 0 0 -128 0 -21 0 0 0 -128 0 0 0 0 0 127 0 88 -29 97 0 -101 0 28 0 0 0 0 0 -93 0 127 0 127 0 0 0 0 0 0 -127 -128 -128 -14 -31 0 0 7 -128 0 0 -128 0 127 0 0 0 -128 0 0 0 0 0 127 0 123 127 127 0 -128 0 91 0 0 0 0 0 -29 0 127 0 127 0 0 0 0 0 0 -128 -128 -128 100 8 0
0 -1 -14 0 0 -128 0 1 0 0 0 -81 0 0 0 0 0 86 0 127 -69 7 0 -128 0 127 0 0 0 0 0 12 0 -72 0 127 0 0 0 0 0 0 -128 -128 -128 14 -1 0 0 0 -21 0 0 -128 0 39 0 0 0 -128 0 0 0 0 0 12 0 127 -65 -59 0 -128 0 69 0 0 0 0 0 -80 0 -26 0 126 0 0 0 0 0 0 -128 -128 -128 -32 2 0 0 15 -117 0 0 -128 0 127 0 0 0 -128 0 0 0 0 0 86 0 127 127 -128 0 -128 0 43 0 0 0 0 0 -122 0 -98 0 127 0 0 0 0 0 0 -128 -128 -128 14 18 0
0 12 6 0 0 54 0 111 0 0 0 -79 0 0 0 0 0 -36 0 127 74 -91 0 41 0 -5 0 0 0 0 0 4 0 100 0 0 0 0 0 0 0 0 -44 127 -6 -23 9 0 0 19 50 0 0 127 0 65 0 0 0 66 0 0 0 0 0 -128 0 127 50 -85 0 100 0 -45 0 0 0 0 0 -29 0 11 0 -33 0 0 0 0 0 0 47 127 127 -121 16 0 0 55 127 0 0 127 0 -128 0 0 0 127 0 0 0 0 0 -128 0 127 -128 124 0 125 0 114 0 0 0 0 0 35 0 -128 0 -128 0 0 0 0 0 0 127 127 127 -128 49 0
0 34 14 0 0 -53 0 -69 0 0 0 -56 0 0 0 0 0 7 0 -128 -49 30 0 -10 0 -49 0 0 0 0 0 58 0 -128 0 -97 0 0 0 0 0 0 -54 -75 -113 8 33 0 0 36 -6 0 0 -38 0 -80 0 0 0 -88 0 0 0 0 0 -54 0 -128 -55 13 0 -35 0 -101 0 0 0 0 0 24 0 -128 0 -128 0 0 0 0 0 0 -61 -86 -128 -32 36 0 0 69 -114 0 0 -128 0 6 0 0 0 -128 0 0 0 0 0 93 0 -128 127 -65 0 -128 0 -106 0 0 0 0 0 40 0 -128 0 60 0 0 0 0 0 0 -128 -128 -128 105 68 0
0 0 0 0 0 0 0 0 0 0 0 0 0 0 0 0 0 0 0 0 0 0 0 0 0 0 0 0 0 0 0 0 0 0 0 0 0 0 0 0 0 0 0 0 0 0 0 0 0 0 0 0 0 0 0 0 0 0 0 0 0 0 0 0 0 0 0 0 0 0 0 0 0 0 0 0 0 0 0 0 0 0 0 0 0 0 0 0 0 0 0 0 0 0 0 0 0 0 0 0 0 0 0 0 0 0 0 0 0 0 0 0 0 0 0 0 0 0 0 0 0 0 0 0 0 0 0 0 0 0 0 0 0 0 0 0 0 0 0 0 0 0 0 0
0 0 0 0 0 0 0 0 0 0 0 0 0 0 0 0 0 0 0 0 0 0 0 0 0 0 0 0 0 0 0 0 0 0 0 0 0 0 0 0 0 0 0 0 0 0 0 0 0 0 0 0 0 0 0 0 0 0 0 0 0 0 0 0 0 0 0 0 0 0 0 0 0 0 0 0 0 0 0 0 0 0 0 0 0 0 0 0 0 0 0 0 0 0 0 0 0 0 0 0 0 0 0 0 0 0 0 0 0 0 0 0 0 0 0 0 0 0 0 0 0 0 0 0 0 0 0 0 0 0 0 0 0 0 0 0 0 0 0 0 0 0 0 0
0 43 -74 0 0 -68 0 19 0 0 0 0 0 0 0 0 0 -44 0 -105 -45 61 0 -39 0 78 0 0 0 0 0 36 0 21 0 33 0 0 0 0 0 0 -67 17 1 -7 43 0 0 55 -93 0 0 -77 0 9 0 0 0 -29 0 0 0 0 0 -95 0 -128 -41 71 0 -35 0 50 0 0 0 0 0 31 0 -22 0 3 0 0 0 0 0 0 -67 6 -12 -40 55 0 0 127 14 0 0 -128 0 -51 0 0 0 -128 0 0 0 0 0 45 0 -128 -49 127 0 -128 0 127 0 0 0 0 0 127 0 -128 0 127 0 0 0 0 0 0 -128 -128 -128 95 125 0
0 0 0 0 0 0 0 0 0 0 0 0 0 0 0 0 0 0 0 0 0 0 0 0 0 0 0 0 0 0 0 0 0 0 0 0 0 0 0 0 0 0 0 0 0 0 0 0 0 0 0 0 0 0 0 0 0 0 0 0 0 0 0 0 0 0 0 0 0 0 0 0 0 0 0 0 0 0 0 0 0 0 0 0 0 0 0 0 0 0 0 0 0 0 0 0 0 0 0 0 0 0 0 0 0 0 0 0 0 0 0 0 0 0 0 0 0 0 0 0 0 0 0 0 0 0 0 0 0 0 0 0 0 0 0 0 0 0 0 0 0 0 0 0
0 0 0 0 0 0 0 0 0 0 0 0 0 0 0 0 0 0 0 0 0 0 0 0 0 0 0 0 0 0 0 0 0 0 0 0 0 0 0 0 0 0 0 0 0 0 0 0 0 0 0 0 0 0 0 0 0 0 0 0 0 0 0 0 0 0 0 0 0 0 0 0 0 0 0 0 0 0 0 0 0 0 0 0 0 0 0 0 0 0 0 0 0 0 0 0 0 0 0 0 0 0 0 0 0 0 0 0 0 0 0 0 0 0 0 0 0 0 0 0 0 0 0 0 0 0 0 0 0 0 0 0 0 0 0 0 0 0 0 0 0 0 0 0
0 0 0 0 0 0 0 0 0 0 0 0 0 0 0 0 0 0 0 0 0 0 0 0 0 0 0 0 0 0 0 0 0 0 0 0 0 0 0 0 0 0 0 0 0 0 0 0 0 0 0 0 0 0 0 0 0 0 0 0 0 0 0 0 0 0 0 0 0 0 0 0 0 0 0 0 0 0 0 0 0 0 0 0 0 0 0 0 0 0 0 0 0 0 0 0 0 0 0 0 0 0 0 0 0 0 0 0 0 0 0 0 0 0 0 0 0 0 0 0 0 0 0 0 0 0 0 0 0 0 0 0 0 0 0 0 0 0 0 0 0 0 0 0
0 0 0 0 0 0 0 0 0 0 0 0 0 0 0 0 0 0 0 0 0 0 0 0 0 0 0 0 0 0 0 0 0 0 0 0 0 0 0 0 0 0 0 0 0 0 0 0 0 0 0 0 0 0 0 0 0 0 0 0 0 0 0 0 0 0 0 0 0 0 0 0 0 0 0 0 0 0 0 0 0 0 0 0 0 0 0 0 0 0 0 0 0 0 0 0 0 0 0 0 0 0 0 0 0 0 0 0 0 0 0 0 0 0 0 0 0 0 0 0 0 0 0 0 0 0 0 0 0 0 0 0 0 0 0 0 0 0 0 0 0 0 0 0
0 0 0 0 0 0 0 0 0 0 0 0 0 0 0 0 0 0 0 0 0 0 0 0 0 0 0 0 0 0 0 0 0 0 0 0 0 0 0 0 0 0 0 0 0 0 0 0 0 0 0 0 0 0 0 0 0 0 0 0 0 0 0 0 0 0 0 0 0 0 0 0 0 0 0 0 0 0 0 0 0 0 0 0 0 0 0 0 0 0 0 0 0 0 0 0 0 0 0 0 0 0 0 0 0 0 0 0 0 0 0 0 0 0 0 0 0 0 0 0 0 0 0 0 0 0 0 0 0 0 0 0 0 0 0 0 0 0 0 0 0 0 0 0
0 0 0 0 0 0 0 0 0 0 0 0 0 0 0 0 0 0 0 0 0 0 0 0 0 0 0 0 0 0 0 0 0 0 0 0 0 0 0 0 0 0 0 0 0 0 0 0 0 0 0 0 0 0 0 0 0 0 0 0 0 0 0 0 0 0 0 0 0 0 0 0 0 0 0 0 0 0 0 0 0 0 0 0 0 0 0 0 0 0 0 0 0 0 0 0 0 0 0 0 0 0 0 0 0 0 0 0 0 0 0 0 0 0 0 0 0 0 0 0 0 0 0 0 0 0 0 0 0 0 0 0 0 0 0 0 0 0 0 0 0 0 0 0
0 -29 -62 0 0 4 0 107 0 0 0 -52 0 0 0 0 0 68 0 72 -128 -12 0 -128 0 20 0 0 0 0 0 2 0 -128 0 96 0 0 0 0 0 0 -32 45 -128 56 -29 0 0 -29 0 0 0 28 0 75 0 0 0 85 0 0 0 0 0 103 0 102 -128 11 0 -128 0 39 0 0 0 0 0 -3 0 -128 0 127 0 0 0 0 0 0 10 127 -128 59 -30 0 0 -16 127 0 0 79 0 -128 0 0 0 127 0 0 0 0 0 127 0 127 -128 119 0 -128 0 127 0 0 0 0 0 49 0 -128 0 127 0 0 0 0 0 0 52 127 -128 127 -18 0
0 0 0 0 0 0 0 0 0 0 0 0 0 0 0 0 0 0 0 0 0 0 0 0 0 0 0 0 0 0 0 0 0 0 0 0 0 0 0 0 0 0 0 0 0 0 0 0 0 0 0 0 0 0 0 0 0 0 0 0 0 0 0 0 0 0 0 0 0 0 0 0 0 0 0 0 0 0 0 0 0 0 0 0 0 0 0 0 0 0 0 0 0 0 0 0 0 0 0 0 0 0 0 0 0 0 0 0 0 0 0 0 0 0 0 0 0 0 0 0 0 0 0 0 0 0 0 0 0 0 0 0 0 0 0 0 0 0 0 0 0 0 0 0
0 -8 -85 0 0 -37 0 -114 0 0 0 -32 0 0 0 0 0 127 0 56 -128 -36 0 -50 0 96 0 0 0 0 0 82 0 127 0 -85 0 0 0 0 0 0 -39 28 65 127 -7 0 0 -14 -103 0 0 -72 0 -103 0 0 0 -52 0 0 0 0 0 127 0 113 -128 -23 0 -99 0 127 0 0 0 0 0 118 0 127 0 -46 0 0 0 0 0 0 -74 10 58 127 -15 0 0 -30 -66 0 0 102 0 -128 0 0 0 127 0 0 0 0 0 127 0 127 -128 41 0 16 0 127 0 0 0 0 0 127 0 127 0 -128 0 0 0 0 0 0 87 127 127 127 -31 0
0 -11 -67 0 0 -128 0 -56 0 0 0 -111 0 0 0 0 0 23 0 127 -59 -15 0 -128 0 91 0 0 0 0 0 32 0 -62 0 124 0 0 0 0 0 0 -128 -128 -128 8 -10 0 0 0 -47 0 0 -128 0 -34 0 0 0 -128 0 0 0 0 0 -29 0 127 -68 -35 0 -128 0 50 0 0 0 0 0 -2 0 -71 0 66 0 0 0 0 0 0 -128 -128 -128 -34 1 0 0 40 -37 0 0 -128 0 124 0 0 0 -128 0 0 0 0 0 51 0 127 127 -97 0 -128 0 102 0 0 0 0 0 19 0 -128 0 127 0 0 0 0 0 0 -128 -128 -128 8 41 0
0 0 0 0 0 0 0 0 0 0 0 0 0 0 0 0 0 0 0 0 0 0 0 0 0 0 0 0 0 0 0 0 0 0 0 0 0 0 0 0 0 0 0 0 0 0 0 0 0 0 0 0 0 0 0 0 0 0 0 0 0 0 0 0 0 0 0 0 0 0 0 0 0 0 0 0 0 0 0 0 0 0 0 0 0 0 0 0 0 0 0 0 0 0 0 0 0 0 0 0 0 0 0 0 0 0 0 0 0 0 0 0 0 0 0 0 0 0 0 0 0 0 0 0 0 0 0 0 0 0 0 0 0 0 0 0 0 0 0 0 0 0 0 0
0 0 0 0 0 0 0 0 0 0 0 0 0 0 0 0 0 0 0 0 0 0 0 0 0 0 0 0 0 0 0 0 0 0 0 0 0 0 0 0 0 0 0 0 0 0 0 0 0 0 0 0 0 0 0 0 0 0 0 0 0 0 0 0 0 0 0 0 0 0 0 0 0 0 0 0 0 0 0 0 0 0 0 0 0 0 0 0 0 0 0 0 0 0 0 0 0 0 0 0 0 0 0 0 0 0 0 0 0 0 0 0 0 0 0 0 0 0 0 0 0 0 0 0 0 0 0 0 0 0 0 0 0 0 0 0 0 0 0 0 0 0 0 0
0 -38 -65 0 0 -128 0 -44 0 0 0 -113 0 0 0 0 0 23 0 116 -42 9 0 -128 0 61 0 0 0 0 0 57 0 121 0 80 0 0 0 0 0 0 -128 -128 -73 84 -36 0 0 -36 -98 0 0 -128 0 -16 0 0 0 -128 0 0 0 0 0 33 0 -53 12 -12 0 -128 0 50 0 0 0 0 0 73 0 73 0 81 0 0 0 0 0 0 -128 -128 -108 124 -34 0 0 -12 -128 0 0 -128 0 127 0 0 0 -128 0 0 0 0 0 127 0 -128 127 -92 0 -128 0 81 0 0 0 0 0 127 0 -79 0 127 0 0 0 0 0 0 -128 -128 -128 127 -10 0
0 47 -9 0 0 16 0 14 0 0 0 -68 0 0 0 0 0 12 0 -128 19 40 0 -1 0 30 0 0 0 0 0 13 0 127 0 25 0 0 0 0 0 0 -64 -55 83 -36 47 0 0 61 -24 0 0 44 0 -3 0 0 0 -98 0 0 0 0 0 -31 0 -128 31 55 0 -26 0 8 0 0 0 0 0 16 0 127 0 2 0 0 0 0 0 0 -58 -66 66 -71 61 0 0 127 74 0 0 -35 0 -77 0 0 0 -128 0 0 0 0 0 127 0 -128 23 127 0 -128 0 127 0 0 0 0 0 127 0 -128 0 121 0 0 0 0 0 0 -128 -128 -128 61 127 0
0 0 0 0 0 0 0 0 0 0 0 0 0 0 0 0 0 0 0 0 0 0 0 0 0 0 0 0 0 0 0 0 0 0 0 0 0 0 0 0 0 0 0 0 0 0 0 0 0 0 0 0 0 0 0 0 0 0 0 0 0 0 0 0 0 0 0 0 0 0 0 0 0 0 0 0 0 0 0 0 0 0 0 0 0 0 0 0 0 0 0 0 0 0 0 0 0 0 0 0 0 0 0 0 0 0 0 0 0 0 0 0 0 0 0 0 0 0 0 0 0 0 0 0 0 0 0 0 0 0 0 0 0 0 0 0 0 0 0 0 0 0 0 0
0 1 -89 0 0 82 0 -60 0 0 0 89 0 0 0 0 0 -8 0 -128 -46 4 0 92 0 -73 0 0 0 0 0 -20 0 127 0 -128 0 0 0 0 0 0 107 99 127 -13 0 0 0 13 -108 0 0 110 0 -67 0 0 0 96 0 0 0 0 0 -13 0 -128 -52 8 0 100 0 -92 0 0 0 0 0 -28 0 127 0 -128 0 0 0 0 0 0 127 122 127 -7 12 0 0 47 68 0 0 94 0 -128 0 0 0 16 0 0 0 0 0 124 0 -128 -29 106 0 59 0 -26 0 0 0 0 0 -6 0 -128 0 -128 0 0 0 0 0 0 127 17 -36 127 45 0
0 0 0 0 0 0 0 0 0 0 0 0 0 0 0 0 0 0 0 0 0 0 0 0 0 0 0 0 0 0 0 0 0 0 0 0 0 0 0 0 0 0 0 0 0 0 0 0 0 0 0 0 0 0 0 0 0 0 0 0 0 0 0 0 0 0 0 0 0 0 0 0 0 0 0 0 0 0 0 0 0 0 0 0 0 0 0 0 0 0 0 0 0 0 0 0 0 0 0 0 0 0 0 0 0 0 0 0 0 0 0 0 0 0 0 0 0 0 0 0 0 0 0 0 0 0 0 0 0 0 0 0 0 0 0 0 0 0 0 0 0 0 0 0
0 -21 -128 0 0 -128 0 92 0 0 0 -128 0 0 0 0 0 127 0 -101 -128 83 0 -94 0 44 0 0 0 0 0 23 0 -128 0 -128 0 0 0 0 0 0 -128 -128 -128 -56 -21 0 0 -27 -128 0 0 -128 0 121 0 0 0 -128 0 0 0 0 0 127 0 -39 -128 112 0 -99 0 84 0 0 0 0 0 60 0 -128 0 -128 0 0 0 0 0 0 -128 -128 -128 -23 -28 0 0 -38 -128 0 0 -128 0 127 0 0 0 -128 0 0 0 0 0 127 0 127 -128 127 0 127 0 127 0 0 0 0 0 102 0 127 0 -128 0 0 0 0 0 0 -128 -128 -128 -14 -39 0
0 28 -21 0 0 -25 0 16 0 0 0 -19 0 0 0 0 0 19 0 -128 -85 10 0 -75 0 92 0 0 0 0 0 54 0 -91 0 35 0 0 0 0 0 0 -17 -73 -10 30 28 0 0 35 -25 0 0 -20 0 -4 0 0 0 -39 0 0 0 0 0 -14 0 -128 -98 18 0 -94 0 79 0 0 0 0 0 54 0 -127 0 21 0 0 0 0 0 0 1 -62 -12 7 36 0 0 94 127 0 0 -128 0 -64 0 0 0 -128 0 0 0 0 0 127 0 -128 -118 127 0 -128 0 127 0 0 0 0 0 127 0 -128 0 127 0 0 0 0 0 0 -128 -128 -128 127 92 0
0 27 1 0 0 -20 0 -3 0 0 0 4 0 0 0 0 0 101 0 -128 -28 -15 0 -28 0 34 0 0 0 0 0 59 0 -128 0 -128 0 0 0 0 0 0 -59 -19 23 87 27 0 0 34 -26 0 0 -16 0 -14 0 0 0 -12 0 0 0 0 0 98 0 -128 -19 -23 0 -60 0 8 0 0 0 0 0 55 0 -128 0 -128 0 0 0 0 0 0 -65 -9 14 86 34 0 0 82 -27 0 0 -128 0 -38 0 0 0 -128 0 0 0 0 0 127 0 -128 101 22 0 -128 0 127 0 0 0 0 0 127 0 -128 0 -128 0 0 0 0 0 0 -128 -128 -128 127 80 0
0 43 -73 0 0 -68 0 16 0 0 0 -81 0 0 0 0 0 1 0 65 -24 52 0 -47 0 96 0 0 0 0 0 18 0 6 0 6 0 0 0 0 0 0 48 -40 22 -36 43 0 0 58 -89 0 0 -67 0 10 0 0 0 -109 0 0 0 0 0 -38 0 43 -9 64 0 -65 0 65 0 0 0 0 0 10 0 -31 0 -24 0 0 0 0 0 0 74 -51 -8 -74 58 0 0 127 46 0 0 -128 0 -53 0 0 0 -128 0 0 0 0 0 127 0 127 -42 127 0 -128 0 127 0 0 0 0 0 127 0 -128 0 50 0 0 0 0 0 0 7 -128 -128 37 127 0
0 0 0 0 0 0 0 0 0 0 0 0 0 0 0 0 0 0 0 0 0 0 0 0 0 0 0 0 0 0 0 0 0 0 0 0 0 0 0 0 0 0 0 0 0 0 0 0 0 0 0 0 0 0 0 0 0 0 0 0 0 0 0 0 0 0 0 0 0 0 0 0 0 0 0 0 0 0 0 0 0 0 0 0 0 0 0 0 0 0 0 0 0 0 0 0 0 0 0 0 0 0 0 0 0 0 0 0 0 0 0 0 0 0 0 0 0 0 0 0 0 0 0 0 0 0 0 0 0 0 0 0 0 0 0 0 0 0 0 0 0 0 0 0
0 0 0 0 0 0 0 0 0 0 0 0 0 0 0 0 0 0 0 0 0 0 0 0 0 0 0 0 0 0 0 0 0 0 0 0 0 0 0 0 0 0 0 0 0 0 0 0 0 0 0 0 0 0 0 0 0 0 0 0 0 0 0 0 0 0 0 0 0 0 0 0 0 0 0 0 0 0 0 0 0 0 0 0 0 0 0 0 0 0 0 0 0 0 0 0 0 0 0 0 0 0 0 0 0 0 0 0 0 0 0 0 0 0 0 0 0 0 0 0 0 0 0 0 0 0 0 0 0 0 0 0 0 0 0 0 0 0 0 0 0 0 0 0
0 3 -128 0 0 -121 0 9 0 0 0 -128 0 0 0 0 0 -43 0 -92 -128 47 0 22 0 126 0 0 0 0 0 127 0 -128 0 127 0 0 0 0 0 0 -128 -46 -88 -89 3 0 0 2 -128 0 0 -122 0 75 0 0 0 -128 0 0 0 0 0 -31 0 -128 -128 48 0 4 0 127 0 0 0 0 0 127 0 -128 0 127 0 0 0 0 0 0 -128 -119 -42 -91 1 0 0 -9 -128 0 0 127 0 -96 0 0 0 -128 0 0 0 0 0 -128 0 -128 -128 127 0 99 0 127 0 0 0 0 0 127 0 -128 0 127 0 0 0 0 0 0 -128 -70 127 -128 -11 0
0 -67 16 0 0 -108 0 87 0 0 0 11 0 0 0 0 0 -60 0 100 -64 -128 0 -128 0 127 0 0 0 0 0 127 0 -33 0 127 0 0 0 0 0 0 -57 31 80 59 -61 0 0 -62 55 0 0 -128 0 81 0 0 0 -125 0 0 0 0 0 -67 0 120 -72 -128 0 -128 0 127 0 0 0 0 0 127 0 72 0 127 0 0 0 0 0 0 -86 -128 -68 84 -58 0 0 -17 92 0 0 -128 0 127 0 0 0 -128 0 0 0 0 0 106 0 127 127 -128 0 -128 0 127 0 0 0 0 0 127 0 124 0 127 0 0 0 0 0 0 -128 -128 -128 127 -14 0
0 42 -43 0 0 -18 0 53 0 0 0 47 0 0 0 0 0 -20 0 -128 18 78 0 46 0 59 0 0 0 0 0 25 0 -56 0 -33 0 0 0 0 0 0 18 29 -2 -6 42 0 0 56 -74 0 0 -23 0 50 0 0 0 39 0 0 0 0 0 -62 0 -128 35 86 0 58 0 29 0 0 0 0 0 27 0 -128 0 -49 0 0 0 0 0 0 29 11 -16 -42 56 0 0 127 5 0 0 -128 0 -18 0 0 0 -64 0 0 0 0 0 88 0 -128 9 127 0 -87 0 127 0 0 0 0 0 127 0 -128 0 59 0 0 0 0 0 0 -60 -128 -128 68 127 0
0 -13 127 0 0 127 0 -100 0 0 0 93 0 0 0 0 0 -43 0 -36 62 51 0 127 0 27 0 0 0 0 0 0 0 76 0 -128 0 0 0 0 0 0 124 127 74 -21 -14 0 0 -3 57 0 0 127 0 -71 0 0 0 121 0 0 0 0 0 -83 0 -16 49 27 0 127 0 -25 0 0 0 0 0 -6 0 117 0 -128 0 0 0 0 0 0 106 127 117 -83 -4 0 0 53 8 0 0 127 0 -125 0 0 0 127 0 0 0 0 0 -40 0 124 -115 127 0 127 0 40 0 0 0 0 0 127 0 127 0 -128 0 0 0 0 0 0 50 127 102 -128 50 0
0 15 -128 0 0 -128 0 49 0 0 0 -128 0 0 0 0 0 109 0 89 -17 0 0 -128 0 83 0 0 0 0 0 28 0 -128 0 127 0 0 0 0 0 0 -128 -128 -128 111 16 0 0 3 -128 0 0 -128 0 43 0 0 0 -128 0 0 0 0 0 15 0 -105 -43 -72 0 -128 0 -59 0 0 0 0 0 -70 0 -128 0 127 0 0 0 0 0 0 -128 -128 -128 53 4 0 0 -1 -128 0 0 -128 0 69 0 0 0 -128 0 0 0 0 0 55 0 -128 87 -128 0 -128 0 -49 0 0 0 0 0 -94 0 -128 0 127 0 0 0 0 0 0 -128 -128 -128 110 1 0
0 0 0 0 0 0 0 0 0 0 0 0 0 0 0 0 0 0 0 0 0 0 0 0 0 0 0 0 0 0 0 0 0 0 0 0 0 0 0 0 0 0 0 0 0 0 0 0 0 0 0 0 0 0 0 0 0 0 0 0 0 0 0 0 0 0 0 0 0 0 0 0 0 0 0 0 0 0 0 0 0 0 0 0 0 0 0 0 0 0 0 0 0 0 0 0 0 0 0 0 0 0 0 0 0 0 0 0 0 0 0 0 0 0 0 0 0 0 0 0 0 0 0 0 0 0 0 0 0 0 0 0 0 0 0 0 0 0 0 0 0 0 0 0
0 -5 -22 0 0 13 0 6 0 0 0 127 0 0 0 0 0 -128 0 127 -86 -24 0 -25 0 -26 0 0 0 0 0 -67 0 -128 0 -128 0 0 0 0 0 0 17 -128 -65 -114 -6 0 0 14 -82 0 0 -22 0 -29 0 0 0 127 0 0 0 0 0 -128 0 127 30 17 0 -42 0 -85 0 0 0 0 0 -95 0 -128 0 -128 0 0 0 0 0 0 118 -128 -128 -128 13 0 0 127 127 0 0 -128 0 -128 0 0 0 127 0 0 0 0 0 114 0 127 -4 127 0 -128 0 127 0 0 0 0 0 127 0 -128 0 -42 0 0 0 0 0 0 -128 -128 -128 127 127 0
0 0 0 0 0 0 0 0 0 0 0 0 0 0 0 0 0 0 0 0 0 0 0 0 0 0 0 0 0 0 0 0 0 0 0 0 0 0 0 0 0 0 0 0 0 0 0 0 0 0 0 0 0 0 0 0 0 0 0 0 0 0 0 0 0 0 0 0 0 0 0 0 0 0 0 0 0 0 0 0 0 0 0 0 0 0 0 0 0 0 0 0 0 0 0 0 0 0 0 0 0 0 0 0 0 0 0 0 0 0 0 0 0 0 0 0 0 0 0 0 0 0 0 0 0 0 0 0 0 0 0 0 0 0 0 0 0 0 0 0 0 0 0 0
0 -34 -79 0 0 -128 0 36 0 0 0 -62 0 0 0 0 0 -30 0 61 -128 -45 0 -128 0 -35 0 0 0 0 0 0 0 -128 0 127 0 0 0 0 0 0 -128 -92 -120 42 -34 0 0 -19 -81 0 0 -128 0 23 0 0 0 -10 0 0 0 0 0 -36 0 39 -128 -35 0 -128 0 -43 0 0 0 0 0 5 0 -128 0 127 0 0 0 0 0 0 -128 -27 -112 36 -18 0 0 49 70 0 0 -128 0 65 0 0 0 -72 0 0 0 0 0 127 0 37 93 27 0 -128 0 127 0 0 0 0 0 127 0 -128 0 127 0 0 0 0 0 0 -128 -128 -128 127 48 0
0 -9 -61 0 0 -111 0 -68 0 0 0 -128 0 0 0 0 0 49 0 127 -82 -64 0 -128 0 72 0 0 0 0 0 27 0 -88 0 -27 0 0 0 0 0 0 -128 -79 -128 -43 -9 0 0 4 -32 0 0 -117 0 -57 0 0 0 -128 0 0 0 0 0 85 0 127 -36 -87 0 -128 0 53 0 0 0 0 0 12 0 -116 0 -96 0 0 0 0 0 0 -128 -54 -128 -18 4 0 0 51 -8 0 0 -128 0 101 0 0 0 -128 0 0 0 0 0 127 0 127 127 -128 0 -128 0 127 0 0 0 0 0 70 0 -128 0 -91 0 0 0 0 0 0 -128 -128 -128 127 51 0
0 0 0 0 0 0 0 0 0 0 0 0 0 0 0 0 0 0 0 0 0 0 0 0 0 0 0 0 0 0 0 0 0 0 0 0 0 0 0 0 0 0 0 0 0 0 0 0 0 0 0 0 0 0 0 0 0 0 0 0 0 0 0 0 0 0 0 0 0 0 0 0 0 0 0 0 0 0 0 0 0 0 0 0 0 0 0 0 0 0 0 0 0 0 0 0 0 0 0 0 0 0 0 0 0 0 0 0 0 0 0 0 0 0 0 0 0 0 0 0 0 0 0 0 0 0 0 0 0 0 0 0 0 0 0 0 0 0 0 0 0 0 0 0
