0 0 -128 0 57 0 39 127 -128 -117 127 0 0 64 0 0 0 0 0 0 -128 0 -64 -91 0 0 -113 94 0 127 0 -18 -32 30 60 0 0 84 -27 98 127 -128 0 123 0 -128 102 0 0 0 -128 0 17 0 51 127 -67 127 127 0 0 82 0 0 0 0 0 0 -128 0 -123 9 0 0 -101 116 0 127 0 35 -45 58 77 0 0 71 -68 124 127 -128 0 120 0 -128 108 0 0 0 -128 0 47 0 51 -49 -128 127 127 0 0 127 0 0 0 0 0 0 -128 0 -128 -128 0 0 -128 127 0 127 0 -128 -128 60 120 0 0 127 -128 127 127 -76 0 127 0 -128 -128 0
0 0 -128 0 52 0 60 127 -128 115 127 0 0 89 0 0 0 0 0 0 37 0 47 127 0 0 -128 82 0 127 0 -103 -19 -21 101 0 0 33 -128 109 127 -26 0 127 0 -28 83 0 0 0 -128 0 -100 0 65 127 -128 127 127 0 0 103 0 0 0 0 0 0 -117 0 -75 127 0 0 -128 97 0 23 0 -30 -45 -41 122 0 0 74 -128 126 127 -3 0 127 0 -128 -60 0 0 0 -128 0 127 0 127 -7 -128 127 127 0 0 127 0 0 0 0 0 0 -126 0 -128 101 0 0 -128 127 0 127 0 -115 -15 -47 127 0 0 127 -128 127 127 -128 0 127 0 -128 -128 0
0 0 -17 0 -5 0 77 -34 127 127 -128 0 0 127 0 0 0 0 0 0 -34 0 94 127 0 0 92 84 0 -119 0 -128 25 -128 127 0 0 95 50 99 115 124 0 51 0 55 -128 0 0 0 -128 0 -126 0 68 -36 127 127 -128 0 0 127 0 0 0 0 0 0 -128 0 -128 127 0 0 -77 85 0 -128 0 -128 7 -128 127 0 0 127 66 104 125 -128 0 44 0 -73 -128 0 0 0 -28 0 127 0 127 86 -128 127 -128 0 0 127 0 0 0 0 0 0 127 0 -128 127 0 0 -128 127 0 -128 0 109 127 -128 127 0 0 127 127 127 127 -128 0 127 0 127 -128 0
0 0 -118 0 -55 0 69 57 127 127 -128 0 0 121 0 0 0 0 0 0 75 0 26 127 0 0 -94 88 0 -128 0 -128 27 -128 127 0 0 103 127 69 81 -44 0 33 0 127 -128 0 0 0 -128 0 -128 0 69 -106 127 127 -128 0 0 124 0 0 0 0 0 0 -44 0 -128 127 0 0 -128 91 0 -128 0 -128 21 -128 127 0 0 127 127 73 127 -128 0 20 0 60 -128 0 0 0 90 0 127 0 127 127 -128 127 -128 0 0 127 0 0 0 0 0 0 127 0 -128 127 0 0 -128 127 0 -128 0 86 127 -128 127 0 0 127 127 127 127 -128 0 127 0 127 -128 0
0 0 -105 0 -92 0 26 118 34 125 -39 0 0 33 0 0 0 0 0 0 -36 0 -31 127 0 0 -128 60 0 -99 0 -128 -20 -36 71 0 0 -81 9 42 44 127 0 -4 0 115 29 0 0 0 -128 0 -128 0 62 112 -106 127 -128 0 0 77 0 0 0 0 0 0 -49 0 -29 127 0 0 -128 97 0 -128 0 -128 6 -44 125 0 0 43 -128 81 127 -74 0 65 0 20 -90 0 0 0 98 0 127 0 127 127 -128 127 -128 0 0 127 0 0 0 0 0 0 127 0 127 127 0 0 -128 127 0 -92 0 63 127 70 127 0 0 127 -99 127 127 -128 0 127 0 127 -52 0
0 0 -21 0 -45 0 34 88 127 28 -74 0 0 -4 0 0 0 0 0 0 -32 0 -51 10 0 0 -128 41 0 19 0 -10 -16 19 34 0 0 -84 127 32 -31 32 0 -43 0 -88 105 0 0 0 7 0 -128 0 60 90 51 124 -127 0 0 23 0 0 0 0 0 0 9 0 -58 19 0 0 -128 70 0 -128 0 -82 12 35 68 0 0 -66 127 59 68 -128 0 40 0 -81 65 0 0 0 127 0 127 0 127 127 -128 127 -128 0 0 127 0 0 0 0 0 0 127 0 127 -128 0 0 -128 127 0 127 0 127 127 120 127 0 0 127 127 127 127 -128 0 127 0 127 90 0
0 0 -57 0 -52 0 38 -28 107 4 -24 0 0 -11 0 0 0 0 0 0 -108 0 -1 -63 0 0 -23 25 0 22 0 32 -12 66 28 0 0 -92 17 21 -20 14 0 -49 0 -79 127 0 0 0 46 0 -108 0 63 -11 -11 71 -42 0 0 8 0 0 0 0 0 0 -50 0 75 -123 0 0 27 48 0 2 0 46 18 102 52 0 0 -90 55 42 60 -128 0 18 0 -66 127 0 0 0 127 0 127 0 127 19 -128 127 -128 0 0 121 0 0 0 0 0 0 127 0 127 -128 0 0 -128 127 0 127 0 127 127 127 127 0 0 -128 127 126 127 -128 0 127 0 88 127 0
0 0 -39 0 -46 0 42 -14 -128 -10 19 0 0 -31 0 0 0 0 0 0 -88 0 67 -36 0 0 94 18 0 8 0 41 -33 96 26 0 0 -128 42 31 18 -12 0 -51 0 -68 127 0 0 0 -46 0 -105 0 57 -66 -128 80 65 0 0 -23 0 0 0 0 0 0 -123 0 83 -45 0 0 66 31 0 -19 0 39 -21 127 42 0 0 -128 41 46 60 -100 0 36 0 -75 127 0 0 0 127 0 127 0 127 -100 -128 127 -128 0 0 127 0 0 0 0 0 0 127 0 127 -128 0 0 -128 127 0 127 0 127 127 127 127 0 0 -128 96 127 127 -128 0 127 0 127 127 0
0 0 -29 0 -64 0 34 -104 -128 27 91 0 0 -34 0 0 0 0 0 0 -79 0 53 -56 0 0 127 18 0 -8 0 -9 -38 99 13 0 0 -128 114 30 6 -66 0 -14 0 -51 127 0 0 0 -52 0 -128 0 46 -128 -128 73 127 0 0 -27 0 0 0 0 0 0 -122 0 124 -88 0 0 102 27 0 39 0 -5 -30 127 24 0 0 -128 110 40 35 -128 0 31 0 -100 127 0 0 0 127 0 127 0 127 -128 -128 127 -112 0 0 127 0 0 0 0 0 0 127 0 127 -128 0 0 -58 127 0 127 0 127 127 127 127 0 0 -128 127 127 127 -128 0 127 0 127 127 0
0 0 -26 0 -39 0 20 2 -128 -15 -5 0 0 -30 0 0 0 0 0 0 -72 0 29 -128 0 0 77 29 0 -14 0 -34 -31 63 -1 0 0 -128 -19 36 -63 93 0 -38 0 26 127 0 0 0 4 0 -125 0 47 -70 -128 27 31 0 0 -10 0 0 0 0 0 0 -78 0 126 -128 0 0 98 48 0 85 0 -38 -6 118 24 0 0 -112 -60 63 33 66 0 10 0 -72 127 0 0 0 127 0 127 0 127 8 -128 127 -128 0 0 127 0 0 0 0 0 0 127 0 127 -128 0 0 21 127 0 127 0 127 127 127 127 0 0 -82 -13 127 127 -128 0 127 0 127 127 0
0 0 1 0 1 0 22 63 -112 -62 -22 0 0 -15 0 0 0 0 0 0 6 0 -66 -125 0 0 127 29 0 93 0 -33 -4 69 -8 0 0 -120 -41 30 -102 126 0 -95 0 53 -20 0 0 0 4 0 -104 0 43 36 -128 -37 -2 0 0 3 0 0 0 0 0 0 20 0 48 -128 0 0 113 47 0 127 0 -91 17 101 8 0 0 -81 -64 54 -9 29 0 -1 0 -41 -39 0 0 0 127 0 105 0 127 127 -128 127 -128 0 0 127 0 0 0 0 0 0 127 0 127 -128 0 0 91 127 0 127 0 127 127 127 127 0 0 3 -30 127 127 -128 0 127 0 127 127 0
0 0 -16 0 47 0 21 127 41 -55 -75 0 0 -1 0 0 0 0 0 0 -32 0 -107 -128 0 0 127 40 0 127 0 -42 1 46 -11 0 0 -121 -128 30 -72 101 0 -105 0 127 -128 0 0 0 56 0 -55 0 48 127 -104 -103 -64 0 0 27 0 0 0 0 0 0 51 0 2 -128 0 0 127 68 0 127 0 -128 37 78 1 0 0 -126 -128 59 -31 4 0 -88 0 68 -128 0 0 0 127 0 21 0 127 127 -128 -36 79 0 0 127 0 0 0 0 0 0 127 0 127 -128 0 0 127 127 0 127 0 127 127 127 127 0 0 127 -128 127 127 -128 0 127 0 127 -128 0
0 0 -43 0 42 0 27 127 -128 -82 -33 0 0 37 0 0 0 0 0 0 -17 0 -128 -128 0 0 127 69 0 127 0 -35 16 -9 -26 0 0 -128 -128 48 -81 127 0 -128 0 127 -128 0 0 0 52 0 -39 0 45 127 -128 -127 -99 0 0 70 0 0 0 0 0 0 78 0 -104 -128 0 0 125 92 0 127 0 -128 52 -6 -19 0 0 69 -128 73 -30 127 0 -128 0 127 -128 0 0 0 127 0 3 0 127 127 -128 -128 61 0 0 127 0 0 0 0 0 0 127 0 127 -128 0 0 127 127 0 127 0 -34 127 127 127 0 0 127 -128 127 127 -41 0 127 0 127 -128 0
0 0 -17 0 14 0 25 113 -126 -54 13 0 0 54 0 0 0 0 0 0 -16 0 -128 -128 0 0 127 63 0 120 0 -82 46 -31 -32 0 0 -68 -56 47 -61 127 0 -128 0 127 -128 0 0 0 89 0 -48 0 40 91 -128 -111 -59 0 0 82 0 0 0 0 0 0 52 0 -128 -128 0 0 127 82 0 127 0 -128 81 -30 -28 0 0 127 -107 63 -24 127 0 -128 0 127 -128 0 0 0 127 0 -30 0 127 127 -128 -123 127 0 0 127 0 0 0 0 0 0 127 0 38 -128 0 0 127 127 0 127 0 -128 127 126 96 0 0 127 -56 127 93 -33 0 127 0 127 -128 0
0 0 -9 0 18 0 17 71 -128 -9 116 0 0 34 0 0 0 0 0 0 -37 0 -97 -112 0 0 126 59 0 122 0 -83 32 -26 -24 0 0 -20 6 29 46 127 0 -76 0 127 -128 0 0 0 105 0 -74 0 27 -88 -128 -81 127 0 0 63 0 0 0 0 0 0 8 0 -83 -128 0 0 127 79 0 92 0 -128 70 -18 -26 0 0 127 -1 44 7 104 0 -128 0 127 -128 0 0 0 127 0 -33 0 127 -128 -128 3 127 0 0 127 0 0 0 0 0 0 127 0 -81 -128 0 0 127 127 0 127 0 -128 127 127 69 0 0 127 123 127 34 3 0 127 0 127 -128 0
0 0 5 0 8 0 11 -128 -128 1 127 0 0 23 0 0 0 0 0 0 -39 0 -57 -44 0 0 81 35 0 106 0 -128 35 14 -21 0 0 -3 124 19 100 127 0 -60 0 127 -101 0 0 0 103 0 -95 0 20 -128 -128 -38 127 0 0 45 0 0 0 0 0 0 -19 0 -106 -109 0 0 96 51 0 65 0 -128 69 28 -23 0 0 127 119 33 39 127 0 -98 0 127 -127 0 0 0 127 0 -31 0 127 -128 -128 127 127 0 0 127 0 0 0 0 0 0 127 0 -128 29 0 0 127 127 0 127 0 -128 127 127 56 0 0 127 127 127 -29 79 0 127 0 127 -71 0
0 0 21 0 2 0 15 -128 -128 44 127 0 0 22 0 0 0 0 0 0 -25 0 -119 -60 0 0 68 20 0 110 0 -128 40 49 -12 0 0 18 127 37 127 127 0 -38 0 127 11 0 0 0 64 0 -86 0 16 -128 -128 43 127 0 0 35 0 0 0 0 0 0 -80 0 -128 -60 0 0 34 31 0 83 0 -128 59 65 -20 0 0 79 127 46 35 127 0 -43 0 99 -43 0 0 0 127 0 -53 0 89 -128 -128 127 127 0 0 127 0 0 0 0 0 0 127 0 -128 -14 0 0 127 127 0 127 0 -128 127 127 15 0 0 127 127 127 -39 11 0 127 0 127 127 0
0 0 23 0 -8 0 23 -128 -58 71 108 0 0 22 0 0 0 0 0 0 63 0 -128 27 0 0 7 0 0 56 0 -128 48 69 2 0 0 -23 -8 36 126 127 0 -6 0 127 58 0 0 0 18 0 -106 0 20 -128 -128 84 127 0 0 23 0 0 0 0 0 0 4 0 -128 21 0 0 22 2 0 -29 0 -128 51 75 -5 0 0 16 -56 40 34 127 0 -16 0 127 -16 0 0 0 127 0 -69 0 101 -128 -128 127 127 0 0 116 0 0 0 0 0 0 127 0 -128 127 0 0 127 99 0 127 0 -128 127 127 54 0 0 127 115 125 -14 127 0 127 0 127 127 0
0 0 -5 0 -13 0 27 -128 20 75 59 0 0 26 0 0 0 0 0 0 118 0 -128 95 0 0 -88 -4 0 60 0 -128 51 62 13 0 0 -13 -87 34 86 127 0 34 0 127 113 0 0 0 -20 0 -86 0 27 -128 52 123 119 0 0 25 0 0 0 0 0 0 66 0 -128 80 0 0 -53 -3 0 2 0 -128 52 75 11 0 0 -8 -124 38 10 127 0 6 0 127 71 0 0 0 127 0 -57 0 102 -128 -48 127 127 0 0 102 0 0 0 0 0 0 127 0 -128 127 0 0 84 77 0 127 0 -128 127 127 76 0 0 33 61 110 -6 127 0 127 0 127 127 0
0 0 -50 0 19 0 29 -128 94 36 -2 0 0 21 0 0 0 0 0 0 127 0 -127 127 0 0 -92 -7 0 92 0 -128 43 61 24 0 0 -25 -128 24 9 127 0 52 0 127 127 0 0 0 -60 0 -73 0 30 -128 52 86 56 0 0 23 0 0 0 0 0 0 127 0 -128 127 0 0 -115 -6 0 87 0 -128 44 67 24 0 0 15 -128 29 -15 127 0 27 0 127 127 0 0 0 127 0 -28 0 119 -128 61 127 127 0 0 113 0 0 0 0 0 0 127 0 -128 127 0 0 115 86 0 127 0 -128 127 127 104 0 0 -37 -128 113 -34 127 0 127 0 127 127 0
0 0 -45 0 45 0 30 -99 127 1 -15 0 0 22 0 0 0 0 0 0 127 0 -128 127 0 0 -116 7 0 127 0 -66 41 51 28 0 0 -11 -128 28 -5 127 0 27 0 127 127 0 0 0 -72 0 -71 0 28 -128 127 41 48 0 0 21 0 0 0 0 0 0 114 0 -128 127 0 0 -128 4 0 127 0 -128 39 53 26 0 0 -8 -128 31 -27 127 0 16 0 127 102 0 0 0 127 0 -22 0 116 -128 127 127 127 0 0 106 0 0 0 0 0 0 127 0 -128 127 0 0 62 90 0 127 0 -128 127 127 102 0 0 -42 -128 112 -43 16 0 127 0 127 127 0
0 0 -20 0 22 0 33 13 127 -18 -26 0 0 23 0 0 0 0 0 0 127 0 -127 125 0 0 -128 7 0 127 0 -110 39 49 43 0 0 4 -128 28 15 103 0 29 0 127 113 0 0 0 -62 0 -64 0 34 -114 127 29 60 0 0 24 0 0 0 0 0 0 84 0 -128 127 0 0 -128 8 0 127 0 -128 37 52 44 0 0 -13 -128 34 -16 109 0 30 0 127 101 0 0 0 113 0 -44 0 106 3 127 127 127 0 0 89 0 0 0 0 0 0 127 0 -128 127 0 0 -128 77 0 127 0 -128 124 127 110 0 0 -124 -128 100 -58 71 0 127 0 127 127 0
0 0 -9 0 -7 0 30 78 127 -24 -55 0 0 20 0 0 0 0 0 0 69 0 -101 127 0 0 -128 7 0 127 0 -128 37 41 48 0 0 -25 -128 17 -19 127 0 23 0 88 114 0 0 0 -19 0 -71 0 39 -41 127 38 36 0 0 31 0 0 0 0 0 0 61 0 -124 127 0 0 -128 17 0 127 0 -128 47 49 56 0 0 -64 -128 28 -20 127 0 43 0 91 93 0 0 0 110 0 -29 0 107 92 127 127 127 0 0 90 0 0 0 0 0 0 127 0 -128 127 0 0 -128 82 0 127 0 -128 125 115 119 0 0 -128 -128 88 -38 96 0 127 0 127 127 0
0 0 22 0 -27 0 31 49 127 0 -45 0 0 30 0 0 0 0 0 0 3 0 -65 127 0 0 -128 28 0 127 0 -128 47 26 50 0 0 -101 -128 5 -13 127 0 17 0 127 127 0 0 0 -8 0 -80 0 38 -51 127 44 34 0 0 37 0 0 0 0 0 0 -29 0 -87 127 0 0 -128 36 0 127 0 -128 53 32 57 0 0 -128 -128 13 -12 119 0 32 0 109 127 0 0 0 95 0 -44 0 101 96 127 127 127 0 0 90 0 0 0 0 0 0 127 0 -125 127 0 0 -128 100 0 127 0 -128 125 98 115 0 0 -128 -40 65 -40 92 0 127 0 127 127 0
0 0 -12 0 -53 0 26 -63 127 -2 74 0 0 37 0 0 0 0 0 0 -61 0 -60 127 0 0 -128 44 0 127 0 -128 28 18 31 0 0 -128 31 14 26 53 0 -8 0 106 127 0 0 0 -36 0 -87 0 36 -128 127 32 127 0 0 45 0 0 0 0 0 0 -71 0 -34 127 0 0 -128 55 0 127 0 -128 36 28 42 0 0 -128 -6 21 17 45 0 -2 0 50 127 0 0 0 62 0 10 0 95 -107 127 71 127 0 0 98 0 0 0 0 0 0 87 0 -95 127 0 0 -128 118 0 127 0 -128 108 108 93 0 0 -128 127 69 -5 27 0 127 0 127 127 0
0 0 -38 0 -18 0 23 -128 127 3 59 0 0 26 0 0 0 0 0 0 -35 0 -70 127 0 0 -128 31 0 127 0 -128 51 34 32 0 0 -128 102 -11 -37 127 0 -5 0 127 127 0 0 0 -87 0 -81 0 31 -128 127 62 85 0 0 33 0 0 0 0 0 0 -34 0 -26 127 0 0 -128 40 0 127 0 -128 55 33 43 0 0 -128 69 -6 -2 127 0 -11 0 127 127 0 0 0 30 0 1 0 113 -128 127 88 127 0 0 105 0 0 0 0 0 0 127 0 -28 127 0 0 -16 122 0 127 0 -128 127 126 115 0 0 -128 127 55 4 127 0 127 0 127 127 0
0 0 -49 0 -25 0 23 -128 127 13 45 0 0 24 0 0 0 0 0 0 -12 0 -57 127 0 0 -71 34 0 122 0 -128 52 31 31 0 0 -128 127 -15 -42 127 0 -31 0 127 127 0 0 0 -128 0 -79 0 36 -128 127 49 73 0 0 35 0 0 0 0 0 0 -10 0 -22 127 0 0 -128 46 0 73 0 -128 62 34 46 0 0 -128 127 -9 -1 127 0 -15 0 127 127 0 0 0 -43 0 5 0 114 -128 127 69 127 0 0 104 0 0 0 0 0 0 127 0 1 127 0 0 111 124 0 127 0 -128 127 123 115 0 0 -128 127 45 37 127 0 127 0 127 127 0
0 0 -89 0 -46 0 29 -128 127 -7 52 0 0 30 0 0 0 0 0 0 39 0 -74 127 0 0 -64 38 0 96 0 -128 49 30 37 0 0 -128 109 -9 -55 127 0 -44 0 127 127 0 0 0 -128 0 -92 0 40 -128 127 12 76 0 0 38 0 0 0 0 0 0 66 0 -31 127 0 0 -128 46 0 79 0 -128 57 30 49 0 0 -128 109 -6 1 127 0 -23 0 127 127 0 0 0 -128 0 23 0 120 5 127 0 127 0 0 106 0 0 0 0 0 0 127 0 -6 127 0 0 101 121 0 127 0 -128 127 114 118 0 0 -128 127 46 62 127 0 127 0 127 127 0
0 0 -128 0 -52 0 38 57 122 -3 115 0 0 35 0 0 0 0 0 0 78 0 -91 127 0 0 -29 42 0 87 0 -128 36 38 39 0 0 -128 44 17 -26 127 0 -53 0 127 127 0 0 0 -128 0 -83 0 42 -18 103 38 127 0 0 35 0 0 0 0 0 0 94 0 -56 127 0 0 -128 42 0 122 0 -128 35 32 43 0 0 -128 -14 14 36 55 0 -18 0 118 127 0 0 0 -128 0 8 0 110 127 127 -73 127 0 0 87 0 0 0 0 0 0 127 0 -89 127 0 0 99 104 0 127 0 -128 108 109 97 0 0 -128 127 59 71 7 0 127 0 127 127 0
0 0 -128 0 -62 0 44 127 100 -21 127 0 0 39 0 0 0 0 0 0 111 0 -125 79 0 0 -28 42 0 88 0 -11 33 40 32 0 0 -128 -15 35 12 108 0 -52 0 127 127 0 0 0 -128 0 -79 0 47 118 107 14 127 0 0 39 0 0 0 0 0 0 105 0 -107 86 0 0 -128 42 0 127 0 -112 29 36 35 0 0 -128 -100 34 56 49 0 -7 0 94 127 0 0 0 -128 0 14 0 107 127 127 -90 127 0 0 83 0 0 0 0 0 0 127 0 -128 127 0 0 93 94 0 127 0 -128 89 102 80 0 0 -128 127 73 76 15 0 127 0 127 127 0
0 0 -128 0 -68 0 47 127 127 -46 30 0 0 33 0 0 0 0 0 0 127 0 -126 127 0 0 -61 24 0 21 0 15 43 44 41 0 0 -128 -128 27 20 127 0 -45 0 127 127 0 0 0 -128 0 -52 0 52 127 127 2 91 0 0 37 0 0 0 0 0 0 127 0 -128 127 0 0 -128 27 0 52 0 -73 44 42 47 0 0 -128 -128 31 73 121 0 -5 0 127 127 0 0 0 -128 0 -30 0 116 127 127 -102 127 0 0 87 0 0 0 0 0 0 127 0 -128 127 0 0 124 83 0 127 0 -77 110 108 100 0 0 -128 -8 78 41 108 0 127 0 127 127 0
0 0 -128 0 -40 0 43 127 127 -56 25 0 0 34 0 0 0 0 0 0 122 0 -128 127 0 0 -44 31 0 38 0 22 30 30 37 0 0 -128 -128 43 35 118 0 -45 0 127 127 0 0 0 -128 0 -25 0 52 127 127 23 93 0 0 41 0 0 0 0 0 0 121 0 -128 127 0 0 -128 38 0 63 0 -83 36 38 44 0 0 -128 -128 51 71 114 0 -6 0 118 119 0 0 0 -128 0 -31 0 103 127 127 -123 127 0 0 78 0 0 0 0 0 0 127 0 -128 127 0 0 127 78 0 127 0 -6 82 98 84 0 0 -128 -17 92 6 127 0 127 0 127 127 0
0 0 -128 0 -38 0 34 123 127 -62 39 0 0 37 0 0 0 0 0 0 44 0 -118 13 0 0 51 16 0 119 0 -2 30 54 37 0 0 -128 61 58 59 87 0 -53 0 54 82 0 0 0 -128 0 -34 0 42 58 127 15 121 0 0 44 0 0 0 0 0 0 44 0 -118 38 0 0 -93 21 0 127 0 -62 35 62 41 0 0 -128 -6 67 63 55 0 7 0 80 80 0 0 0 -128 0 46 0 82 127 127 -104 127 0 0 74 0 0 0 0 0 0 103 0 -128 127 0 0 127 50 0 127 0 -30 68 118 64 0 0 -128 127 102 5 104 0 127 0 127 127 0
0 0 -128 0 -20 0 34 -47 127 -56 -55 0 0 37 0 0 0 0 0 0 -17 0 -74 31 0 0 127 -8 0 119 0 -42 42 59 38 0 0 -128 102 45 5 127 0 -51 0 122 81 0 0 0 -128 0 -23 0 43 -80 127 28 -2 0 0 49 0 0 0 0 0 0 -8 0 -63 59 0 0 36 -2 0 127 0 -88 50 62 45 0 0 -128 110 55 40 127 0 39 0 127 81 0 0 0 -128 0 29 0 96 127 127 -115 127 0 0 94 0 0 0 0 0 0 114 0 -106 127 0 0 127 39 0 127 0 -73 108 126 83 0 0 -128 127 98 -53 127 0 127 0 127 127 0
0 0 -117 0 -12 0 34 -128 127 -58 -93 0 0 53 0 0 0 0 0 0 -41 0 -62 123 0 0 127 -16 0 119 0 -50 60 51 35 0 0 -128 127 41 -18 127 0 -51 0 127 14 0 0 0 -128 0 -24 0 43 -128 127 19 -36 0 0 65 0 0 0 0 0 0 -43 0 -39 127 0 0 127 -8 0 127 0 -94 70 54 45 0 0 -128 127 50 20 127 0 36 0 127 28 0 0 0 -128 0 4 0 93 124 127 -128 124 0 0 114 0 0 0 0 0 0 40 0 -79 127 0 0 127 30 0 127 0 -125 127 117 83 0 0 -128 127 91 -78 127 0 127 0 127 127 0
0 0 -74 0 -23 0 36 -127 127 -69 -121 0 0 59 0 0 0 0 0 0 -85 0 -41 127 0 0 127 -7 0 127 0 -46 66 38 33 0 0 -102 127 38 -14 127 0 -53 0 127 -3 0 0 0 -80 0 -24 0 44 -128 127 4 -59 0 0 73 0 0 0 0 0 0 -103 0 -36 127 0 0 127 0 0 127 0 -97 76 38 41 0 0 -128 127 47 11 127 0 42 0 127 6 0 0 0 -85 0 -11 0 92 127 127 -128 126 0 0 123 0 0 0 0 0 0 -96 0 -94 127 0 0 127 38 0 127 0 -128 127 100 78 0 0 -128 127 88 -93 127 0 127 0 127 127 0
0 0 -31 0 -9 0 35 -74 127 -74 -108 0 0 56 0 0 0 0 0 0 -128 0 -61 113 0 0 127 4 0 125 0 -13 58 37 37 0 0 -75 127 37 13 127 0 -55 0 127 -49 0 0 0 -38 0 -27 0 43 -81 127 -8 -34 0 0 71 0 0 0 0 0 0 -128 0 -56 127 0 0 127 13 0 127 0 -72 67 36 44 0 0 -128 127 46 32 127 0 48 0 127 -30 0 0 0 -18 0 -58 0 83 127 127 -128 127 0 0 116 0 0 0 0 0 0 -128 0 -128 127 0 0 127 47 0 127 0 -127 119 91 75 0 0 -128 127 83 -100 127 0 127 0 127 127 0
0 0 -3 0 -12 0 35 16 127 -80 -80 0 0 47 0 0 0 0 0 0 -128 0 -99 76 0 0 127 0 0 96 0 3 45 36 40 0 0 -73 111 33 49 127 0 -41 0 127 -56 0 0 0 2 0 -16 0 43 -9 127 -1 15 0 0 63 0 0 0 0 0 0 -128 0 -117 127 0 0 127 12 0 127 0 -61 55 35 50 0 0 -123 127 43 57 127 0 66 0 127 -66 0 0 0 -12 0 -76 0 85 127 127 -128 127 0 0 114 0 0 0 0 0 0 -128 0 -128 127 0 0 127 51 0 127 0 -54 109 92 90 0 0 -128 127 85 -103 127 0 127 0 127 127 0
0 0 15 0 -8 0 34 124 127 -81 -68 0 0 42 0 0 0 0 0 0 -128 0 -128 127 0 0 127 18 0 65 0 30 42 32 38 0 0 -97 -19 36 67 127 0 -37 0 110 -55 0 0 0 19 0 -9 0 39 120 127 -20 36 0 0 55 0 0 0 0 0 0 -128 0 -128 127 0 0 88 27 0 108 0 -45 52 31 46 0 0 -128 -9 45 70 127 0 60 0 127 -79 0 0 0 -1 0 -95 0 79 127 127 -128 127 0 0 102 0 0 0 0 0 0 -128 0 -128 127 0 0 127 64 0 127 0 3 101 94 84 0 0 -128 127 87 -113 127 0 127 0 127 127 0
0 0 17 0 -7 0 29 127 127 -88 -30 0 0 39 0 0 0 0 0 0 -128 0 -128 127 0 0 127 43 0 53 0 52 43 19 38 0 0 -96 -55 39 65 127 0 -22 0 74 -88 0 0 0 15 0 -15 0 32 127 127 -33 63 0 0 48 0 0 0 0 0 0 -128 0 -128 127 0 0 80 51 0 120 0 -11 48 19 44 0 0 -128 -38 46 70 127 0 58 0 121 -107 0 0 0 -7 0 -85 0 68 127 127 -128 127 0 0 92 0 0 0 0 0 0 -128 0 -128 127 0 0 127 88 0 127 0 44 93 76 81 0 0 -128 127 84 -128 127 0 127 0 127 127 0
0 0 -2 0 -20 0 21 127 127 -77 49 0 0 34 0 0 0 0 0 0 -128 0 -128 127 0 0 110 60 0 127 0 45 33 19 30 0 0 -66 36 50 76 124 0 -26 0 -56 -93 0 0 0 30 0 -17 0 27 127 127 -28 127 0 0 45 0 0 0 0 0 0 -128 0 -128 127 0 0 43 71 0 127 0 6 44 30 38 0 0 -92 30 59 56 78 0 42 0 -29 -93 0 0 0 -47 0 -33 0 47 127 127 -128 127 0 0 75 0 0 0 0 0 0 -128 0 -128 127 0 0 127 101 0 127 0 64 71 82 63 0 0 -128 127 86 -111 127 0 127 0 127 127 0
0 0 -5 0 13 0 20 127 127 -66 -10 0 0 24 0 0 0 0 0 0 -128 0 -128 127 0 0 127 55 0 127 0 27 41 32 36 0 0 -69 11 34 43 127 0 -47 0 -93 33 0 0 0 12 0 1 0 24 127 127 -21 81 0 0 34 0 0 0 0 0 0 -128 0 -128 127 0 0 112 66 0 127 0 -32 51 35 43 0 0 -80 30 40 55 127 0 22 0 -49 30 0 0 0 -35 0 -61 0 58 127 127 -128 127 0 0 73 0 0 0 0 0 0 -128 0 -128 127 0 0 127 112 0 127 0 82 96 103 80 0 0 -128 127 72 -123 127 0 127 0 127 127 0
0 0 -20 0 5 0 23 127 127 -43 -21 0 0 23 0 0 0 0 0 0 -128 0 -128 127 0 0 127 47 0 127 0 3 46 48 33 0 0 -41 92 31 50 127 0 -71 0 -128 73 0 0 0 -8 0 -4 0 25 127 127 -12 67 0 0 32 0 0 0 0 0 0 -128 0 -128 127 0 0 127 59 0 127 0 -49 55 48 40 0 0 -37 111 33 57 127 0 7 0 -119 98 0 0 0 -28 0 -41 0 61 127 127 -128 127 0 0 71 0 0 0 0 0 0 -128 0 -128 127 0 0 127 109 0 127 0 51 106 117 76 0 0 -119 127 62 -111 127 0 99 0 127 127 0
0 0 -18 0 -12 0 22 97 127 -38 -35 0 0 27 0 0 0 0 0 0 -128 0 -124 89 0 0 127 50 0 127 0 -34 47 49 28 0 0 -23 127 25 68 127 0 -104 0 -128 117 0 0 0 -21 0 -6 0 26 112 127 2 56 0 0 35 0 0 0 0 0 0 -128 0 -126 127 0 0 127 61 0 127 0 -65 56 54 36 0 0 -22 127 27 79 127 0 -17 0 -128 127 0 0 0 -59 0 -19 0 62 127 127 -128 127 0 0 76 0 0 0 0 0 0 -128 0 -128 127 0 0 127 110 0 127 0 36 106 127 71 0 0 -86 127 54 -97 127 0 55 0 127 127 0
0 0 -30 0 -6 0 19 106 127 -29 -14 0 0 25 0 0 0 0 0 0 -128 0 -88 127 0 0 127 44 0 95 0 -65 49 51 25 0 0 -7 127 20 73 127 0 -123 0 -128 127 0 0 0 -62 0 0 0 23 122 127 -8 53 0 0 32 0 0 0 0 0 0 -128 0 -85 127 0 0 127 53 0 125 0 -94 57 53 33 0 0 -14 127 20 88 127 0 -49 0 -107 127 0 0 0 -74 0 -21 0 71 127 127 -128 127 0 0 85 0 0 0 0 0 0 -128 0 -128 127 0 0 127 112 0 127 0 30 121 127 81 0 0 -79 127 56 -93 127 0 7 0 127 127 0
0 0 -59 0 0 0 20 125 127 -28 28 0 0 23 0 0 0 0 0 0 -128 0 -75 100 0 0 127 38 0 67 0 -67 42 51 28 0 0 -4 84 21 77 127 0 -127 0 -128 126 0 0 0 -86 0 11 0 26 127 127 -10 85 0 0 32 0 0 0 0 0 0 -128 0 -70 127 0 0 127 49 0 91 0 -90 53 57 39 0 0 -4 127 23 93 127 0 -65 0 -110 127 0 0 0 -112 0 -24 0 73 127 127 -128 127 0 0 86 0 0 0 0 0 0 -128 0 -120 127 0 0 127 107 0 127 0 16 115 127 86 0 0 -43 127 60 -36 127 0 -21 0 127 127 0
0 0 -80 0 -6 0 25 127 127 -53 21 0 0 32 0 0 0 0 0 0 -128 0 -70 124 0 0 127 38 0 30 0 -45 47 46 35 0 0 -18 -53 25 90 127 0 -123 0 -102 124 0 0 0 -116 0 17 0 28 127 127 -29 100 0 0 41 0 0 0 0 0 0 -128 0 -74 127 0 0 127 46 0 73 0 -74 54 47 41 0 0 -2 -11 24 116 127 0 -76 0 -63 127 0 0 0 -128 0 -28 0 73 127 127 -128 127 0 0 93 0 0 0 0 0 0 -128 0 -128 127 0 0 127 99 0 119 0 49 109 127 84 0 0 -63 127 61 -25 127 0 -38 0 127 127 0
0 0 -125 0 -9 0 28 127 125 -69 34 0 0 42 0 0 0 0 0 0 -128 0 -65 127 0 0 127 38 0 3 0 -23 47 31 41 0 0 -33 -128 25 127 127 0 -119 0 -48 127 0 0 0 -128 0 15 0 29 127 101 -37 121 0 0 49 0 0 0 0 0 0 -128 0 -100 127 0 0 127 44 0 53 0 -70 51 35 43 0 0 -7 -128 26 127 127 0 -73 0 -48 127 0 0 0 -128 0 -46 0 76 127 127 -128 127 0 0 106 0 0 0 0 0 0 -128 0 -128 127 0 0 127 97 0 82 0 59 104 127 83 0 0 -61 115 64 -9 127 0 -50 0 127 127 0
0 0 -128 0 -10 0 25 127 56 -45 121 0 0 47 0 0 0 0 0 0 -128 0 -69 127 0 0 127 46 0 3 0 -43 22 17 29 0 0 -11 -128 26 127 127 0 -101 0 -87 126 0 0 0 -128 0 -7 0 32 127 123 -24 127 0 0 58 0 0 0 0 0 0 -128 0 -100 127 0 0 127 56 0 34 0 -64 29 35 34 0 0 -6 -128 31 127 127 0 -73 0 -54 127 0 0 0 -128 0 -46 0 79 127 127 -128 127 0 0 115 0 0 0 0 0 0 -128 0 -128 127 0 0 127 106 0 60 0 69 74 127 71 0 0 -71 40 71 56 127 0 -25 0 127 127 0
0 0 -128 0 -19 0 29 127 68 -6 127 0 0 46 0 0 0 0 0 0 -128 0 -59 127 0 0 127 35 0 -24 0 -59 19 38 25 0 0 -22 -128 18 127 127 0 -90 0 -23 127 0 0 0 -128 0 -9 0 36 127 127 7 127 0 0 56 0 0 0 0 0 0 -128 0 -71 127 0 0 127 44 0 26 0 -91 24 53 28 0 0 0 -128 22 127 127 0 -73 0 33 127 0 0 0 -128 0 -82 0 90 127 127 -128 127 0 0 118 0 0 0 0 0 0 -128 0 -128 127 0 0 127 100 0 -20 0 72 77 127 69 0 0 -93 5 67 82 127 0 10 0 127 127 0
0 0 -128 0 -17 0 34 106 101 16 105 0 0 41 0 0 0 0 0 0 -128 0 -34 127 0 0 127 29 0 -5 0 -78 21 56 18 0 0 -21 -128 17 127 127 0 -77 0 33 127 0 0 0 -128 0 -16 0 40 115 127 55 127 0 0 53 0 0 0 0 0 0 -128 0 -49 127 0 0 127 38 0 2 0 -91 22 71 20 0 0 -7 -128 24 127 127 0 -63 0 71 127 0 0 0 -128 0 -109 0 94 127 127 -128 127 0 0 112 0 0 0 0 0 0 -128 0 -128 127 0 0 127 91 0 -40 0 32 69 127 57 0 0 -99 67 67 69 127 0 53 0 127 127 0
0 0 -128 0 -15 0 39 42 127 21 39 0 0 44 0 0 0 0 0 0 -128 0 -23 127 0 0 127 31 0 1 0 -79 21 63 15 0 0 -27 -74 23 127 127 0 -72 0 77 127 0 0 0 -128 0 -30 0 43 22 127 63 127 0 0 51 0 0 0 0 0 0 -128 0 -36 127 0 0 127 37 0 13 0 -91 17 73 13 0 0 -3 -102 27 127 127 0 -52 0 108 127 0 0 0 -128 0 -128 0 94 127 127 -128 127 0 0 107 0 0 0 0 0 0 -128 0 -128 127 0 0 127 86 0 -61 0 8 59 127 44 0 0 -99 127 70 58 127 0 99 0 127 127 0
0 0 -128 0 -19 0 41 -26 127 6 -10 0 0 48 0 0 0 0 0 0 -128 0 -19 127 0 0 127 32 0 26 0 -61 27 64 9 0 0 -11 32 31 127 127 0 -67 0 57 127 0 0 0 -128 0 -60 0 41 -52 127 65 94 0 0 52 0 0 0 0 0 0 -128 0 -40 127 0 0 127 35 0 14 0 -91 18 68 3 0 0 11 35 33 127 127 0 -41 0 108 127 0 0 0 -128 0 -128 0 91 127 127 -128 127 0 0 105 0 0 0 0 0 0 -128 0 -128 127 0 0 127 85 0 -75 0 -24 59 127 32 0 0 -94 127 76 43 127 0 127 0 127 127 0
0 0 -128 0 -33 0 42 -39 127 -17 -21 0 0 46 0 0 0 0 0 0 -123 0 -13 127 0 0 127 36 0 16 0 -54 34 70 9 0 0 1 81 37 127 127 0 -61 0 59 78 0 0 0 -128 0 -109 0 41 -60 127 51 64 0 0 47 0 0 0 0 0 0 -128 0 -42 127 0 0 127 37 0 32 0 -83 26 71 3 0 0 17 112 38 127 127 0 -12 0 119 85 0 0 0 -128 0 -128 0 84 127 127 -128 127 0 0 90 0 0 0 0 0 0 -128 0 -125 127 0 0 127 79 0 -64 0 -44 56 127 25 0 0 -92 127 74 35 127 0 127 0 127 127 0
0 0 -128 0 -95 0 40 4 127 -39 -14 0 0 40 0 0 0 0 0 0 -114 0 -14 119 0 0 127 38 0 12 0 -40 37 69 8 0 0 -8 62 39 127 127 0 -59 0 54 31 0 0 0 -128 0 -128 0 41 -58 127 16 79 0 0 44 0 0 0 0 0 0 -128 0 -45 127 0 0 127 42 0 15 0 -76 33 71 4 0 0 7 97 42 127 127 0 -19 0 109 26 0 0 0 -128 0 -128 0 80 127 127 -128 127 0 0 83 0 0 0 0 0 0 -128 0 -117 127 0 0 127 82 0 -102 0 -22 58 127 26 0 0 -67 127 79 99 127 0 125 0 127 127 0
0 0 -128 0 -128 0 39 39 127 -50 9 0 0 38 0 0 0 0 0 0 -123 0 -15 114 0 0 127 44 0 -14 0 -42 38 61 12 0 0 -1 -29 42 127 127 0 -45 0 42 11 0 0 0 -128 0 -128 0 39 7 127 -8 120 0 0 40 0 0 0 0 0 0 -128 0 -39 127 0 0 127 48 0 -16 0 -69 32 62 10 0 0 12 -11 46 127 127 0 -20 0 73 -3 0 0 0 -128 0 -128 0 75 127 127 -128 127 0 0 75 0 0 0 0 0 0 -128 0 -113 127 0 0 127 90 0 -77 0 -16 50 127 31 0 0 -57 127 87 127 127 0 86 0 127 127 0
0 0 -128 0 -128 0 33 69 120 -43 40 0 0 30 0 0 0 0 0 0 -128 0 -34 117 0 0 127 46 0 -49 0 -47 37 45 19 0 0 11 -128 40 127 127 0 -29 0 51 5 0 0 0 -128 0 -128 0 37 56 127 -27 127 0 0 34 0 0 0 0 0 0 -128 0 -36 127 0 0 127 54 0 -22 0 -68 33 54 21 0 0 7 -128 48 127 127 0 -22 0 58 -2 0 0 0 -128 0 -128 0 74 127 127 -128 127 0 0 69 0 0 0 0 0 0 -128 0 -95 127 0 0 127 98 0 -40 0 -24 52 125 49 0 0 -66 77 95 127 127 0 55 0 127 127 0
0 0 -128 0 -128 0 31 75 127 -44 40 0 0 27 0 0 0 0 0 0 -127 0 -37 127 0 0 85 38 0 -46 0 -57 41 43 32 0 0 -14 -128 37 127 127 0 -34 0 72 41 0 0 0 -128 0 -128 0 33 56 127 -18 127 0 0 28 0 0 0 0 0 0 -128 0 -35 127 0 0 127 42 0 -31 0 -76 34 47 34 0 0 10 -128 43 127 127 0 -24 0 71 24 0 0 0 -128 0 -128 0 78 127 127 -128 127 0 0 68 0 0 0 0 0 0 -128 0 -93 127 0 0 127 92 0 -39 0 -27 60 125 74 0 0 -90 -35 96 127 127 0 52 0 127 127 0
0 0 -128 0 -128 0 32 43 127 -51 21 0 0 27 0 0 0 0 0 0 -105 0 -39 127 0 0 82 32 0 -37 0 -69 44 39 42 0 0 -12 -128 37 127 127 0 -34 0 69 83 0 0 0 -128 0 -128 0 32 19 127 -21 127 0 0 26 0 0 0 0 0 0 -128 0 -47 127 0 0 114 35 0 -21 0 -79 34 42 45 0 0 -7 -128 42 127 127 0 -31 0 74 71 0 0 0 -128 0 -128 0 76 127 127 -128 127 0 0 66 0 0 0 0 0 0 -128 0 -103 127 0 0 127 84 0 -37 0 -33 59 117 92 0 0 -94 79 96 127 127 0 35 0 127 127 0
0 0 -98 0 -128 0 29 -65 127 -67 21 0 0 29 0 0 0 0 0 0 -89 0 -40 127 0 0 127 24 0 -31 0 -67 47 34 38 0 0 -17 -12 35 127 127 0 -57 0 28 69 0 0 0 -128 0 -128 0 29 -80 127 -29 127 0 0 29 0 0 0 0 0 0 -128 0 -44 127 0 0 127 27 0 4 0 -75 36 33 42 0 0 3 -31 39 127 127 0 -28 0 60 84 0 0 0 -128 0 -128 0 78 127 127 -128 127 0 0 75 0 0 0 0 0 0 -128 0 -109 127 0 0 127 80 0 -65 0 -36 69 122 94 0 0 -108 127 96 127 127 0 20 0 127 127 0
0 0 -78 0 -128 0 26 -128 127 -77 24 0 0 29 0 0 0 0 0 0 -66 0 -33 120 0 0 127 16 0 -14 0 -80 41 39 25 0 0 -8 91 33 127 127 0 -52 0 11 52 0 0 0 -128 0 -128 0 31 -128 127 -19 127 0 0 34 0 0 0 0 0 0 -123 0 -47 127 0 0 127 22 0 7 0 -75 36 44 33 0 0 15 91 42 127 127 0 -30 0 43 66 0 0 0 -128 0 -128 0 77 122 127 -128 127 0 0 78 0 0 0 0 0 0 -128 0 -115 127 0 0 127 70 0 -52 0 -45 69 126 82 0 0 -97 127 97 127 127 0 12 0 127 127 0
0 0 -85 0 -128 0 26 -128 127 -77 33 0 0 32 0 0 0 0 0 0 -58 0 -34 97 0 0 127 13 0 -27 0 -87 41 41 24 0 0 8 127 37 127 127 0 -67 0 46 4 0 0 0 -128 0 -128 0 30 -128 127 -14 127 0 0 38 0 0 0 0 0 0 -110 0 -40 127 0 0 127 19 0 -1 0 -80 38 44 32 0 0 26 127 44 127 127 0 -28 0 84 30 0 0 0 -128 0 -128 0 70 104 127 -128 127 0 0 77 0 0 0 0 0 0 -128 0 -104 127 0 0 127 59 0 -68 0 -85 68 119 72 0 0 -80 127 90 127 127 0 7 0 127 127 0
0 0 -85 0 -128 0 27 -128 127 -70 30 0 0 34 0 0 0 0 0 0 -32 0 -34 109 0 0 127 13 0 -47 0 -94 39 43 27 0 0 14 106 39 127 127 0 -74 0 87 -24 0 0 0 -128 0 -128 0 30 -128 127 -28 108 0 0 37 0 0 0 0 0 0 -83 0 -44 127 0 0 127 17 0 -17 0 -88 36 46 32 0 0 27 127 44 127 127 0 -35 0 124 5 0 0 0 -128 0 -128 0 63 104 127 -128 127 0 0 71 0 0 0 0 0 0 -128 0 -100 127 0 0 127 52 0 -69 0 -88 62 103 67 0 0 -57 127 81 127 127 0 18 0 127 127 0
0 0 -89 0 -128 0 24 -126 127 -67 9 0 0 29 0 0 0 0 0 0 -19 0 -49 116 0 0 127 6 0 -66 0 -86 36 38 26 0 0 17 57 35 127 127 0 -73 0 112 -39 0 0 0 -115 0 -128 0 32 -125 127 -32 89 0 0 37 0 0 0 0 0 0 -47 0 -49 127 0 0 127 15 0 -22 0 -83 40 47 35 0 0 2 95 43 127 127 0 -26 0 127 -6 0 0 0 -128 0 -128 0 60 113 127 -128 127 0 0 67 0 0 0 0 0 0 -115 0 -93 127 0 0 127 45 0 -83 0 -81 66 95 62 0 0 -24 127 72 127 127 0 6 0 127 127 0
0 0 -71 0 -128 0 22 -103 127 -54 15 0 0 26 0 0 0 0 0 0 -17 0 -59 125 0 0 125 5 0 -91 0 -66 31 39 21 0 0 31 10 31 127 127 0 -67 0 111 -54 0 0 0 -76 0 -128 0 33 -87 127 -23 79 0 0 37 0 0 0 0 0 0 -22 0 -52 127 0 0 127 17 0 -19 0 -62 42 50 32 0 0 -10 64 41 127 127 0 -11 0 127 -11 0 0 0 -128 0 -128 0 49 91 127 -128 127 0 0 55 0 0 0 0 0 0 -93 0 -92 127 0 0 127 35 0 -69 0 -95 58 73 50 0 0 -35 127 58 127 127 0 -7 0 127 127 0
0 0 -89 0 -128 0 24 -126 127 -67 9 0 0 29 0 0 0 0 0 0 -19 0 -49 116 0 0 127 6 0 -66 0 -86 36 38 26 0 0 17 57 35 127 127 0 -73 0 112 -39 0 0 0 -115 0 -128 0 32 -125 127 -32 89 0 0 37 0 0 0 0 0 0 -47 0 -49 127 0 0 127 15 0 -22 0 -83 40 47 35 0 0 2 95 43 127 127 0 -26 0 127 -6 0 0 0 -128 0 -128 0 60 113 127 -128 127 0 0 67 0 0 0 0 0 0 -115 0 -93 127 0 0 127 45 0 -83 0 -81 66 95 62 0 0 -24 127 72 127 127 0 6 0 127 127 0
0 0 -85 0 -128 0 27 -128 127 -70 30 0 0 34 0 0 0 0 0 0 -32 0 -34 109 0 0 127 13 0 -47 0 -94 39 43 27 0 0 14 106 39 127 127 0 -74 0 87 -24 0 0 0 -128 0 -128 0 30 -128 127 -28 108 0 0 37 0 0 0 0 0 0 -83 0 -44 127 0 0 127 17 0 -17 0 -88 36 46 32 0 0 27 127 44 127 127 0 -35 0 124 5 0 0 0 -128 0 -128 0 63 104 127 -128 127 0 0 71 0 0 0 0 0 0 -128 0 -100 127 0 0 127 52 0 -69 0 -88 62 103 67 0 0 -57 127 81 127 127 0 18 0 127 127 0
0 0 -85 0 -128 0 26 -128 127 -77 33 0 0 32 0 0 0 0 0 0 -58 0 -34 97 0 0 127 13 0 -27 0 -87 41 41 24 0 0 8 127 37 127 127 0 -67 0 46 4 0 0 0 -128 0 -128 0 30 -128 127 -14 127 0 0 38 0 0 0 0 0 0 -110 0 -40 127 0 0 127 19 0 -1 0 -80 38 44 32 0 0 26 127 44 127 127 0 -28 0 84 30 0 0 0 -128 0 -128 0 70 104 127 -128 127 0 0 77 0 0 0 0 0 0 -128 0 -104 127 0 0 127 59 0 -68 0 -85 68 119 72 0 0 -80 127 90 127 127 0 7 0 127 127 0
0 0 -78 0 -128 0 26 -128 127 -77 24 0 0 29 0 0 0 0 0 0 -66 0 -33 120 0 0 127 16 0 -14 0 -80 41 39 25 0 0 -8 91 33 127 127 0 -52 0 11 52 0 0 0 -128 0 -128 0 31 -128 127 -19 127 0 0 34 0 0 0 0 0 0 -123 0 -47 127 0 0 127 22 0 7 0 -75 36 44 33 0 0 15 91 42 127 127 0 -30 0 43 66 0 0 0 -128 0 -128 0 77 122 127 -128 127 0 0 78 0 0 0 0 0 0 -128 0 -115 127 0 0 127 70 0 -52 0 -45 68 126 82 0 0 -97 127 97 127 127 0 12 0 127 127 0
0 0 -98 0 -128 0 29 -65 127 -67 21 0 0 29 0 0 0 0 0 0 -89 0 -40 127 0 0 127 24 0 -31 0 -67 47 34 38 0 0 -17 -12 35 127 127 0 -57 0 28 69 0 0 0 -128 0 -128 0 29 -80 127 -29 127 0 0 29 0 0 0 0 0 0 -128 0 -44 127 0 0 127 27 0 4 0 -75 36 33 42 0 0 3 -31 39 127 127 0 -28 0 60 84 0 0 0 -128 0 -128 0 78 127 127 -128 127 0 0 75 0 0 0 0 0 0 -128 0 -109 127 0 0 127 80 0 -65 0 -36 69 122 94 0 0 -108 127 96 127 127 0 20 0 127 127 0
0 0 -128 0 -128 0 32 43 127 -51 21 0 0 27 0 0 0 0 0 0 -105 0 -39 127 0 0 82 32 0 -37 0 -69 44 39 42 0 0 -12 -128 37 127 127 0 -34 0 69 82 0 0 0 -128 0 -128 0 32 19 127 -21 127 0 0 26 0 0 0 0 0 0 -128 0 -47 127 0 0 114 35 0 -21 0 -79 34 42 45 0 0 -7 -128 42 127 127 0 -31 0 74 71 0 0 0 -128 0 -128 0 76 127 127 -128 127 0 0 66 0 0 0 0 0 0 -128 0 -103 127 0 0 127 84 0 -37 0 -33 59 117 92 0 0 -94 79 96 127 127 0 35 0 127 127 0
0 0 -128 0 -128 0 31 75 127 -44 40 0 0 27 0 0 0 0 0 0 -127 0 -37 127 0 0 85 38 0 -46 0 -57 41 43 32 0 0 -14 -128 37 127 127 0 -34 0 72 41 0 0 0 -128 0 -128 0 33 56 127 -18 127 0 0 28 0 0 0 0 0 0 -128 0 -35 127 0 0 127 42 0 -31 0 -76 34 47 34 0 0 10 -128 43 127 127 0 -24 0 71 24 0 0 0 -128 0 -128 0 78 127 127 -128 127 0 0 68 0 0 0 0 0 0 -128 0 -93 127 0 0 127 92 0 -39 0 -27 60 125 74 0 0 -90 -35 96 127 127 0 52 0 127 127 0
0 0 -128 0 -128 0 33 69 120 -43 40 0 0 30 0 0 0 0 0 0 -128 0 -34 117 0 0 127 46 0 -49 0 -47 36 45 19 0 0 11 -128 40 127 127 0 -29 0 51 5 0 0 0 -128 0 -128 0 37 56 127 -27 127 0 0 34 0 0 0 0 0 0 -128 0 -36 127 0 0 127 53 0 -22 0 -68 33 54 21 0 0 7 -128 48 127 127 0 -22 0 58 -2 0 0 0 -128 0 -128 0 74 127 127 -128 127 0 0 69 0 0 0 0 0 0 -128 0 -95 127 0 0 127 98 0 -40 0 -24 52 125 49 0 0 -66 77 95 127 127 0 55 0 127 127 0
0 0 -128 0 -128 0 39 39 127 -50 9 0 0 38 0 0 0 0 0 0 -123 0 -15 114 0 0 127 44 0 -14 0 -42 38 61 12 0 0 -1 -29 42 127 127 0 -45 0 42 11 0 0 0 -128 0 -128 0 39 7 127 -8 120 0 0 40 0 0 0 0 0 0 -128 0 -39 127 0 0 127 48 0 -16 0 -69 32 62 10 0 0 12 -11 46 127 127 0 -20 0 73 -3 0 0 0 -128 0 -128 0 75 127 127 -128 127 0 0 75 0 0 0 0 0 0 -128 0 -113 127 0 0 127 90 0 -77 0 -16 50 127 31 0 0 -57 127 87 127 127 0 86 0 127 127 0
0 0 -128 0 -95 0 40 4 127 -39 -14 0 0 40 0 0 0 0 0 0 -114 0 -14 119 0 0 127 38 0 12 0 -40 37 69 8 0 0 -8 62 39 127 127 0 -59 0 54 31 0 0 0 -128 0 -128 0 41 -58 127 16 79 0 0 44 0 0 0 0 0 0 -128 0 -45 127 0 0 127 42 0 15 0 -76 33 71 4 0 0 7 97 42 127 127 0 -19 0 109 26 0 0 0 -128 0 -128 0 80 127 127 -128 127 0 0 83 0 0 0 0 0 0 -128 0 -117 127 0 0 127 82 0 -102 0 -22 58 127 26 0 0 -67 127 79 99 127 0 125 0 127 127 0
0 0 -128 0 -33 0 42 -39 127 -17 -21 0 0 46 0 0 0 0 0 0 -123 0 -13 127 0 0 127 36 0 16 0 -54 34 70 9 0 0 1 81 37 127 127 0 -61 0 59 78 0 0 0 -128 0 -109 0 41 -60 127 51 64 0 0 47 0 0 0 0 0 0 -128 0 -42 127 0 0 127 37 0 32 0 -83 26 71 3 0 0 17 112 38 127 127 0 -12 0 119 85 0 0 0 -128 0 -128 0 84 127 127 -128 127 0 0 90 0 0 0 0 0 0 -128 0 -125 127 0 0 127 79 0 -64 0 -44 56 127 25 0 0 -92 127 74 35 127 0 127 0 127 127 0
0 0 -128 0 -19 0 41 -26 127 6 -10 0 0 48 0 0 0 0 0 0 -128 0 -19 127 0 0 127 32 0 26 0 -61 27 64 9 0 0 -11 32 31 127 127 0 -67 0 57 127 0 0 0 -128 0 -60 0 41 -52 127 65 94 0 0 52 0 0 0 0 0 0 -128 0 -40 127 0 0 127 35 0 14 0 -91 18 68 3 0 0 11 35 33 127 127 0 -41 0 108 127 0 0 0 -128 0 -128 0 91 127 127 -128 127 0 0 105 0 0 0 0 0 0 -128 0 -128 127 0 0 127 85 0 -75 0 -24 59 127 32 0 0 -94 127 76 43 127 0 127 0 127 127 0
0 0 -128 0 -15 0 39 42 127 21 39 0 0 44 0 0 0 0 0 0 -128 0 -23 127 0 0 127 31 0 1 0 -79 21 63 15 0 0 -27 -74 23 127 127 0 -72 0 77 127 0 0 0 -128 0 -30 0 43 22 127 63 127 0 0 51 0 0 0 0 0 0 -128 0 -36 127 0 0 127 37 0 13 0 -91 17 73 13 0 0 -3 -102 27 127 127 0 -52 0 108 127 0 0 0 -128 0 -128 0 94 127 127 -128 127 0 0 107 0 0 0 0 0 0 -128 0 -128 127 0 0 127 86 0 -61 0 8 59 127 44 0 0 -99 127 70 58 127 0 99 0 127 127 0
0 0 -128 0 -17 0 34 106 101 16 105 0 0 41 0 0 0 0 0 0 -128 0 -34 127 0 0 127 29 0 -5 0 -78 21 56 18 0 0 -21 -128 17 127 127 0 -77 0 33 127 0 0 0 -128 0 -16 0 40 115 127 55 127 0 0 53 0 0 0 0 0 0 -128 0 -49 127 0 0 127 38 0 2 0 -91 22 71 20 0 0 -7 -128 24 127 127 0 -63 0 71 127 0 0 0 -128 0 -108 0 94 127 127 -128 127 0 0 112 0 0 0 0 0 0 -128 0 -128 127 0 0 127 91 0 -40 0 32 69 127 57 0 0 -99 67 67 69 127 0 53 0 127 127 0
0 0 -128 0 -19 0 29 127 68 -6 127 0 0 46 0 0 0 0 0 0 -128 0 -59 127 0 0 127 35 0 -24 0 -59 19 38 25 0 0 -22 -128 18 127 127 0 -90 0 -23 127 0 0 0 -128 0 -9 0 35 127 127 7 127 0 0 56 0 0 0 0 0 0 -128 0 -71 127 0 0 127 44 0 26 0 -91 24 53 28 0 0 0 -128 22 127 127 0 -73 0 33 127 0 0 0 -128 0 -82 0 90 127 127 -128 127 0 0 118 0 0 0 0 0 0 -128 0 -128 127 0 0 127 100 0 -20 0 72 77 127 69 0 0 -93 5 67 82 127 0 10 0 127 127 0
0 0 -128 0 -10 0 25 127 56 -45 121 0 0 47 0 0 0 0 0 0 -128 0 -69 127 0 0 127 46 0 3 0 -43 22 17 29 0 0 -11 -128 26 127 127 0 -101 0 -87 126 0 0 0 -128 0 -7 0 32 127 123 -24 127 0 0 58 0 0 0 0 0 0 -128 0 -100 127 0 0 127 56 0 34 0 -64 29 35 34 0 0 -6 -128 30 127 127 0 -73 0 -54 127 0 0 0 -128 0 -46 0 79 127 127 -128 127 0 0 114 0 0 0 0 0 0 -128 0 -128 127 0 0 127 106 0 60 0 69 74 127 71 0 0 -71 40 71 56 127 0 -25 0 127 127 0
0 0 -125 0 -9 0 28 127 125 -69 34 0 0 42 0 0 0 0 0 0 -128 0 -65 127 0 0 127 38 0 3 0 -23 47 31 41 0 0 -33 -128 25 127 127 0 -119 0 -48 127 0 0 0 -128 0 15 0 29 127 101 -37 121 0 0 49 0 0 0 0 0 0 -128 0 -100 127 0 0 127 44 0 53 0 -70 51 35 43 0 0 -7 -128 26 127 127 0 -73 0 -48 127 0 0 0 -128 0 -46 0 76 127 127 -128 127 0 0 106 0 0 0 0 0 0 -128 0 -128 127 0 0 127 97 0 82 0 59 104 127 83 0 0 -61 115 64 -9 127 0 -50 0 127 127 0
0 0 -80 0 -6 0 25 127 127 -53 21 0 0 32 0 0 0 0 0 0 -128 0 -70 124 0 0 127 38 0 30 0 -45 47 46 35 0 0 -18 -53 25 90 127 0 -123 0 -102 124 0 0 0 -116 0 17 0 28 127 127 -29 100 0 0 41 0 0 0 0 0 0 -128 0 -74 127 0 0 127 46 0 73 0 -74 54 47 41 0 0 -2 -11 24 116 127 0 -76 0 -63 127 0 0 0 -128 0 -28 0 73 127 127 -128 127 0 0 93 0 0 0 0 0 0 -128 0 -128 127 0 0 127 99 0 119 0 49 109 127 84 0 0 -63 127 61 -25 127 0 -38 0 127 127 0
0 0 -59 0 0 0 20 125 127 -28 28 0 0 23 0 0 0 0 0 0 -128 0 -75 100 0 0 127 38 0 67 0 -67 42 51 28 0 0 -4 84 21 77 127 0 -127 0 -128 126 0 0 0 -86 0 11 0 26 127 127 -10 85 0 0 33 0 0 0 0 0 0 -128 0 -70 127 0 0 127 49 0 91 0 -90 53 57 39 0 0 -4 127 23 93 127 0 -65 0 -110 127 0 0 0 -112 0 -24 0 73 127 127 -128 127 0 0 86 0 0 0 0 0 0 -128 0 -120 127 0 0 127 107 0 127 0 16 115 127 86 0 0 -43 127 60 -36 127 0 -21 0 127 127 0
0 0 -30 0 -6 0 19 106 127 -29 -14 0 0 25 0 0 0 0 0 0 -128 0 -88 127 0 0 127 44 0 95 0 -65 49 51 25 0 0 -7 127 20 73 127 0 -123 0 -128 127 0 0 0 -62 0 0 0 23 122 127 -8 53 0 0 32 0 0 0 0 0 0 -128 0 -85 127 0 0 127 53 0 125 0 -94 57 53 33 0 0 -14 127 20 88 127 0 -49 0 -107 127 0 0 0 -74 0 -21 0 71 127 127 -128 127 0 0 85 0 0 0 0 0 0 -128 0 -128 127 0 0 127 112 0 127 0 30 121 127 81 0 0 -79 127 56 -93 127 0 7 0 127 127 0
0 0 -18 0 -12 0 22 97 127 -38 -35 0 0 27 0 0 0 0 0 0 -128 0 -124 89 0 0 127 50 0 127 0 -34 47 49 28 0 0 -23 127 25 68 127 0 -104 0 -128 117 0 0 0 -21 0 -6 0 26 112 127 2 56 0 0 35 0 0 0 0 0 0 -128 0 -126 127 0 0 127 61 0 127 0 -65 56 54 36 0 0 -22 127 27 79 127 0 -17 0 -128 127 0 0 0 -59 0 -19 0 62 127 127 -128 127 0 0 76 0 0 0 0 0 0 -128 0 -128 127 0 0 127 110 0 127 0 36 106 127 71 0 0 -86 127 54 -97 127 0 55 0 127 127 0
0 0 -20 0 5 0 23 127 127 -43 -21 0 0 23 0 0 0 0 0 0 -128 0 -128 127 0 0 127 47 0 127 0 3 46 48 33 0 0 -41 92 31 50 127 0 -71 0 -128 73 0 0 0 -8 0 -4 0 25 127 127 -12 67 0 0 32 0 0 0 0 0 0 -128 0 -128 127 0 0 127 59 0 127 0 -49 55 48 40 0 0 -37 111 33 57 127 0 7 0 -119 98 0 0 0 -28 0 -41 0 61 127 127 -128 127 0 0 71 0 0 0 0 0 0 -128 0 -128 127 0 0 127 109 0 127 0 52 106 117 76 0 0 -119 127 62 -111 127 0 99 0 127 127 0
0 0 -5 0 13 0 20 127 127 -66 -10 0 0 24 0 0 0 0 0 0 -128 0 -128 127 0 0 127 55 0 127 0 27 41 32 36 0 0 -69 11 34 43 127 0 -47 0 -93 33 0 0 0 12 0 1 0 24 127 127 -21 81 0 0 34 0 0 0 0 0 0 -128 0 -128 127 0 0 112 66 0 127 0 -32 51 35 43 0 0 -80 30 40 55 127 0 22 0 -49 30 0 0 0 -35 0 -61 0 58 127 127 -128 127 0 0 73 0 0 0 0 0 0 -128 0 -128 127 0 0 127 112 0 127 0 82 96 103 80 0 0 -128 127 72 -123 127 0 127 0 127 127 0
0 0 -2 0 -20 0 21 127 127 -77 49 0 0 34 0 0 0 0 0 0 -128 0 -128 127 0 0 110 60 0 127 0 45 33 19 30 0 0 -66 36 50 76 124 0 -26 0 -56 -93 0 0 0 30 0 -17 0 27 127 127 -28 127 0 0 45 0 0 0 0 0 0 -128 0 -128 127 0 0 43 71 0 127 0 6 44 30 38 0 0 -92 30 59 56 78 0 42 0 -29 -93 0 0 0 -47 0 -33 0 47 127 127 -128 127 0 0 75 0 0 0 0 0 0 -128 0 -128 127 0 0 127 101 0 127 0 64 71 82 63 0 0 -128 127 86 -111 127 0 127 0 127 127 0
0 0 17 0 -7 0 29 127 127 -88 -30 0 0 39 0 0 0 0 0 0 -128 0 -128 127 0 0 127 43 0 53 0 52 43 19 38 0 0 -96 -55 39 65 127 0 -22 0 74 -88 0 0 0 15 0 -15 0 32 127 127 -33 63 0 0 48 0 0 0 0 0 0 -128 0 -128 127 0 0 80 51 0 120 0 -11 48 19 44 0 0 -128 -38 46 70 127 0 58 0 121 -107 0 0 0 -7 0 -85 0 68 127 127 -128 127 0 0 92 0 0 0 0 0 0 -128 0 -128 127 0 0 127 88 0 127 0 44 93 76 81 0 0 -128 127 84 -128 127 0 127 0 127 127 0
0 0 15 0 -8 0 34 124 127 -81 -68 0 0 42 0 0 0 0 0 0 -128 0 -128 127 0 0 127 18 0 65 0 30 42 32 38 0 0 -97 -19 36 67 127 0 -37 0 110 -55 0 0 0 19 0 -9 0 39 120 127 -20 36 0 0 55 0 0 0 0 0 0 -128 0 -128 127 0 0 88 27 0 108 0 -45 52 31 46 0 0 -128 -9 45 70 127 0 60 0 127 -79 0 0 0 -1 0 -95 0 78 127 127 -128 127 0 0 102 0 0 0 0 0 0 -128 0 -128 127 0 0 127 64 0 127 0 3 101 94 84 0 0 -128 127 87 -113 127 0 127 0 127 127 0
0 0 -3 0 -12 0 35 16 127 -80 -80 0 0 47 0 0 0 0 0 0 -128 0 -99 76 0 0 127 0 0 96 0 3 45 36 40 0 0 -73 111 33 49 127 0 -41 0 127 -56 0 0 0 2 0 -16 0 43 -9 127 -1 15 0 0 63 0 0 0 0 0 0 -128 0 -117 127 0 0 127 12 0 127 0 -61 55 34 50 0 0 -123 127 43 57 127 0 66 0 127 -66 0 0 0 -12 0 -76 0 85 127 127 -128 127 0 0 114 0 0 0 0 0 0 -128 0 -128 127 0 0 127 51 0 127 0 -54 109 92 90 0 0 -128 127 85 -103 127 0 127 0 127 127 0
0 0 -31 0 -9 0 35 -74 127 -74 -108 0 0 56 0 0 0 0 0 0 -128 0 -61 113 0 0 127 4 0 125 0 -13 58 37 37 0 0 -75 127 37 13 127 0 -55 0 127 -49 0 0 0 -38 0 -27 0 43 -81 127 -8 -34 0 0 71 0 0 0 0 0 0 -128 0 -56 127 0 0 127 13 0 127 0 -72 67 36 44 0 0 -128 127 46 32 127 0 48 0 127 -30 0 0 0 -18 0 -58 0 83 127 127 -128 127 0 0 116 0 0 0 0 0 0 -128 0 -128 127 0 0 127 46 0 127 0 -127 119 91 75 0 0 -128 127 83 -100 127 0 127 0 127 127 0
0 0 -74 0 -23 0 36 -127 127 -69 -121 0 0 59 0 0 0 0 0 0 -85 0 -41 127 0 0 127 -7 0 127 0 -46 66 38 33 0 0 -102 127 38 -14 127 0 -53 0 127 -3 0 0 0 -80 0 -24 0 44 -128 127 4 -59 0 0 73 0 0 0 0 0 0 -103 0 -36 127 0 0 127 0 0 127 0 -97 76 38 41 0 0 -128 127 47 11 127 0 42 0 127 6 0 0 0 -85 0 -11 0 92 127 127 -128 126 0 0 123 0 0 0 0 0 0 -96 0 -94 127 0 0 127 38 0 127 0 -128 127 100 78 0 0 -128 127 88 -93 127 0 127 0 127 127 0
0 0 -117 0 -12 0 34 -128 127 -58 -93 0 0 53 0 0 0 0 0 0 -41 0 -62 123 0 0 127 -16 0 119 0 -50 60 51 35 0 0 -128 127 41 -18 127 0 -51 0 127 14 0 0 0 -128 0 -24 0 43 -128 127 19 -36 0 0 65 0 0 0 0 0 0 -43 0 -39 127 0 0 127 -8 0 127 0 -94 70 54 45 0 0 -128 127 50 20 127 0 36 0 127 28 0 0 0 -128 0 4 0 93 124 127 -128 124 0 0 114 0 0 0 0 0 0 40 0 -79 127 0 0 127 30 0 127 0 -125 127 117 83 0 0 -128 127 91 -78 127 0 127 0 127 127 0
0 0 -128 0 -20 0 34 -47 127 -56 -55 0 0 37 0 0 0 0 0 0 -17 0 -74 31 0 0 127 -8 0 119 0 -42 42 59 38 0 0 -128 102 45 5 127 0 -51 0 122 81 0 0 0 -128 0 -23 0 43 -80 127 28 -2 0 0 49 0 0 0 0 0 0 -8 0 -63 59 0 0 36 -2 0 127 0 -88 50 62 45 0 0 -128 110 55 40 127 0 39 0 127 81 0 0 0 -128 0 29 0 96 127 127 -115 127 0 0 94 0 0 0 0 0 0 114 0 -106 127 0 0 127 39 0 127 0 -73 108 126 83 0 0 -128 127 98 -53 127 0 127 0 127 127 0
0 0 -128 0 -38 0 34 123 127 -62 39 0 0 37 0 0 0 0 0 0 44 0 -118 13 0 0 51 16 0 119 0 -2 30 54 37 0 0 -128 61 58 59 87 0 -53 0 54 82 0 0 0 -128 0 -34 0 42 58 127 15 122 0 0 44 0 0 0 0 0 0 44 0 -118 38 0 0 -93 21 0 127 0 -62 35 62 41 0 0 -128 -6 67 63 55 0 7 0 80 80 0 0 0 -128 0 46 0 82 127 127 -104 127 0 0 74 0 0 0 0 0 0 103 0 -128 127 0 0 127 50 0 127 0 -30 68 118 64 0 0 -128 127 102 5 104 0 127 0 127 127 0
0 0 -128 0 -40 0 43 127 127 -56 25 0 0 34 0 0 0 0 0 0 122 0 -128 127 0 0 -44 31 0 38 0 22 30 30 37 0 0 -128 -128 43 35 118 0 -45 0 127 127 0 0 0 -128 0 -25 0 52 127 127 23 93 0 0 41 0 0 0 0 0 0 121 0 -128 127 0 0 -128 38 0 63 0 -83 36 38 44 0 0 -128 -128 51 71 114 0 -6 0 118 119 0 0 0 -128 0 -31 0 103 127 127 -123 127 0 0 78 0 0 0 0 0 0 127 0 -128 127 0 0 127 78 0 127 0 -6 82 98 84 0 0 -128 -17 92 6 127 0 127 0 127 127 0
0 0 -128 0 -68 0 47 127 127 -46 30 0 0 33 0 0 0 0 0 0 127 0 -126 127 0 0 -61 24 0 21 0 15 43 44 41 0 0 -128 -128 27 20 127 0 -45 0 127 127 0 0 0 -128 0 -52 0 52 127 127 2 91 0 0 37 0 0 0 0 0 0 127 0 -128 127 0 0 -128 27 0 52 0 -73 44 42 47 0 0 -128 -128 31 73 121 0 -5 0 127 127 0 0 0 -128 0 -30 0 116 127 127 -102 127 0 0 87 0 0 0 0 0 0 127 0 -128 127 0 0 124 83 0 127 0 -77 110 108 100 0 0 -128 -8 78 41 108 0 127 0 127 127 0
0 0 -128 0 -62 0 44 127 100 -21 127 0 0 39 0 0 0 0 0 0 111 0 -125 79 0 0 -28 42 0 88 0 -11 33 40 32 0 0 -128 -15 35 12 108 0 -52 0 127 127 0 0 0 -128 0 -79 0 47 118 107 14 127 0 0 39 0 0 0 0 0 0 105 0 -107 86 0 0 -128 42 0 127 0 -112 29 36 35 0 0 -128 -100 34 56 49 0 -7 0 94 127 0 0 0 -128 0 14 0 107 127 127 -90 127 0 0 83 0 0 0 0 0 0 127 0 -128 127 0 0 93 94 0 127 0 -128 89 102 80 0 0 -128 127 73 76 15 0 127 0 127 127 0
0 0 -128 0 -52 0 38 57 122 -3 115 0 0 35 0 0 0 0 0 0 78 0 -91 127 0 0 -29 42 0 87 0 -128 36 38 39 0 0 -128 44 17 -26 127 0 -53 0 127 127 0 0 0 -128 0 -83 0 42 -18 103 38 127 0 0 35 0 0 0 0 0 0 94 0 -56 127 0 0 -128 42 0 122 0 -128 35 32 43 0 0 -128 -14 14 36 55 0 -18 0 118 127 0 0 0 -128 0 8 0 110 127 127 -73 127 0 0 87 0 0 0 0 0 0 127 0 -89 127 0 0 99 104 0 127 0 -128 108 109 97 0 0 -128 127 59 71 7 0 127 0 127 127 0
0 0 -89 0 -46 0 29 -128 127 -7 52 0 0 30 0 0 0 0 0 0 39 0 -74 127 0 0 -64 38 0 96 0 -128 49 30 37 0 0 -128 109 -9 -55 127 0 -44 0 127 127 0 0 0 -128 0 -92 0 40 -128 127 12 76 0 0 38 0 0 0 0 0 0 66 0 -31 127 0 0 -128 46 0 79 0 -128 57 30 49 0 0 -128 109 -6 1 127 0 -23 0 127 127 0 0 0 -128 0 23 0 120 5 127 0 127 0 0 106 0 0 0 0 0 0 127 0 -6 127 0 0 101 121 0 127 0 -128 127 114 118 0 0 -128 127 46 62 127 0 127 0 127 127 0
0 0 -49 0 -25 0 23 -128 127 13 45 0 0 24 0 0 0 0 0 0 -12 0 -57 127 0 0 -71 34 0 122 0 -128 52 31 31 0 0 -128 127 -15 -42 127 0 -31 0 127 127 0 0 0 -128 0 -79 0 36 -128 127 49 73 0 0 35 0 0 0 0 0 0 -10 0 -22 127 0 0 -128 46 0 73 0 -128 62 34 46 0 0 -128 127 -9 -1 127 0 -15 0 127 127 0 0 0 -43 0 5 0 114 -128 127 69 127 0 0 104 0 0 0 0 0 0 127 0 1 127 0 0 111 124 0 127 0 -128 127 123 115 0 0 -128 127 45 37 127 0 127 0 127 127 0
0 0 -38 0 -18 0 23 -128 127 3 59 0 0 26 0 0 0 0 0 0 -35 0 -70 127 0 0 -128 31 0 127 0 -128 51 34 32 0 0 -128 102 -11 -37 127 0 -5 0 127 127 0 0 0 -87 0 -81 0 31 -128 127 62 85 0 0 33 0 0 0 0 0 0 -34 0 -26 127 0 0 -128 40 0 127 0 -128 55 33 43 0 0 -128 69 -6 -2 127 0 -11 0 127 127 0 0 0 30 0 1 0 113 -128 127 88 127 0 0 105 0 0 0 0 0 0 127 0 -28 127 0 0 -16 122 0 127 0 -128 127 126 115 0 0 -128 127 55 4 127 0 127 0 127 127 0
0 0 -12 0 -53 0 26 -63 127 -2 74 0 0 37 0 0 0 0 0 0 -61 0 -60 127 0 0 -128 44 0 127 0 -128 28 18 31 0 0 -128 31 14 26 53 0 -8 0 106 127 0 0 0 -36 0 -87 0 36 -128 127 32 127 0 0 45 0 0 0 0 0 0 -71 0 -34 127 0 0 -128 55 0 127 0 -128 36 28 42 0 0 -128 -6 21 17 45 0 -2 0 50 127 0 0 0 62 0 10 0 95 -107 127 71 127 0 0 98 0 0 0 0 0 0 87 0 -95 127 0 0 -128 118 0 127 0 -128 108 108 93 0 0 -128 127 69 -5 27 0 127 0 127 127 0
0 0 22 0 -27 0 31 49 127 0 -45 0 0 30 0 0 0 0 0 0 3 0 -65 127 0 0 -128 28 0 127 0 -128 47 26 50 0 0 -101 -128 5 -13 127 0 17 0 127 127 0 0 0 -8 0 -80 0 38 -51 127 44 34 0 0 37 0 0 0 0 0 0 -29 0 -87 127 0 0 -128 36 0 127 0 -128 53 32 57 0 0 -128 -128 13 -12 119 0 32 0 109 127 0 0 0 95 0 -44 0 101 96 127 127 127 0 0 90 0 0 0 0 0 0 127 0 -125 127 0 0 -128 100 0 127 0 -128 125 98 115 0 0 -128 -40 65 -40 92 0 127 0 127 127 0
0 0 -9 0 -7 0 30 78 127 -24 -55 0 0 20 0 0 0 0 0 0 69 0 -101 127 0 0 -128 7 0 127 0 -128 37 41 48 0 0 -25 -128 17 -19 127 0 23 0 88 114 0 0 0 -19 0 -71 0 39 -41 127 38 36 0 0 31 0 0 0 0 0 0 61 0 -124 127 0 0 -128 17 0 127 0 -128 47 49 56 0 0 -64 -128 28 -20 127 0 43 0 91 93 0 0 0 110 0 -29 0 107 92 127 127 127 0 0 90 0 0 0 0 0 0 127 0 -128 127 0 0 -128 82 0 127 0 -128 125 115 119 0 0 -128 -128 88 -38 96 0 127 0 127 127 0
0 0 -20 0 22 0 33 13 127 -18 -26 0 0 23 0 0 0 0 0 0 127 0 -127 125 0 0 -128 7 0 127 0 -110 39 49 43 0 0 4 -128 28 15 103 0 29 0 127 113 0 0 0 -62 0 -64 0 34 -114 127 29 60 0 0 24 0 0 0 0 0 0 84 0 -128 127 0 0 -128 8 0 127 0 -128 37 52 44 0 0 -13 -128 34 -16 109 0 30 0 127 101 0 0 0 113 0 -44 0 106 3 127 127 127 0 0 89 0 0 0 0 0 0 127 0 -128 127 0 0 -128 77 0 127 0 -128 124 127 110 0 0 -124 -128 100 -58 71 0 127 0 127 127 0
0 0 -45 0 45 0 30 -99 127 1 -15 0 0 22 0 0 0 0 0 0 127 0 -128 127 0 0 -116 7 0 127 0 -66 41 51 28 0 0 -11 -128 28 -5 127 0 27 0 127 127 0 0 0 -72 0 -71 0 28 -128 127 41 48 0 0 21 0 0 0 0 0 0 114 0 -128 127 0 0 -128 4 0 127 0 -128 39 53 26 0 0 -8 -128 31 -27 127 0 16 0 127 102 0 0 0 127 0 -22 0 116 -128 127 127 127 0 0 106 0 0 0 0 0 0 127 0 -128 127 0 0 62 90 0 127 0 -128 127 127 102 0 0 -42 -128 112 -43 16 0 127 0 127 127 0
0 0 -50 0 19 0 29 -128 94 36 -2 0 0 21 0 0 0 0 0 0 127 0 -127 127 0 0 -92 -7 0 92 0 -128 43 61 24 0 0 -25 -128 24 9 127 0 52 0 127 127 0 0 0 -60 0 -73 0 30 -128 52 86 56 0 0 23 0 0 0 0 0 0 127 0 -128 127 0 0 -115 -6 0 87 0 -128 44 67 24 0 0 15 -128 29 -15 127 0 27 0 127 127 0 0 0 127 0 -28 0 119 -128 61 127 127 0 0 113 0 0 0 0 0 0 127 0 -128 127 0 0 115 86 0 127 0 -128 127 127 104 0 0 -37 -128 113 -34 127 0 127 0 127 127 0
0 0 -5 0 -13 0 27 -128 20 75 59 0 0 26 0 0 0 0 0 0 118 0 -128 95 0 0 -88 -4 0 60 0 -128 51 62 13 0 0 -13 -87 34 86 127 0 34 0 127 113 0 0 0 -20 0 -86 0 27 -128 52 123 119 0 0 25 0 0 0 0 0 0 66 0 -128 80 0 0 -53 -3 0 2 0 -128 52 75 11 0 0 -8 -124 38 10 127 0 6 0 127 71 0 0 0 127 0 -57 0 102 -128 -48 127 127 0 0 102 0 0 0 0 0 0 127 0 -128 127 0 0 84 77 0 127 0 -128 127 127 76 0 0 33 61 110 -6 127 0 127 0 127 127 0
0 0 23 0 -8 0 23 -128 -58 71 108 0 0 22 0 0 0 0 0 0 63 0 -128 27 0 0 7 0 0 56 0 -128 48 69 2 0 0 -23 -8 36 126 127 0 -6 0 127 58 0 0 0 18 0 -106 0 20 -128 -128 84 127 0 0 23 0 0 0 0 0 0 4 0 -128 21 0 0 22 2 0 -29 0 -128 51 75 -5 0 0 16 -56 40 34 127 0 -16 0 127 -16 0 0 0 127 0 -69 0 101 -128 -128 127 127 0 0 116 0 0 0 0 0 0 127 0 -128 127 0 0 127 99 0 127 0 -128 127 127 54 0 0 127 115 125 -14 127 0 127 0 127 127 0
0 0 21 0 2 0 15 -128 -128 44 127 0 0 22 0 0 0 0 0 0 -25 0 -119 -60 0 0 68 20 0 110 0 -128 40 49 -12 0 0 18 127 37 127 127 0 -38 0 127 11 0 0 0 64 0 -86 0 16 -128 -128 43 127 0 0 35 0 0 0 0 0 0 -80 0 -128 -60 0 0 34 31 0 83 0 -128 59 65 -20 0 0 79 127 46 35 127 0 -43 0 99 -43 0 0 0 127 0 -53 0 89 -128 -128 127 127 0 0 127 0 0 0 0 0 0 127 0 -128 -14 0 0 127 127 0 127 0 -128 127 127 15 0 0 127 127 127 -39 11 0 127 0 127 127 0
0 0 5 0 8 0 11 -128 -128 1 127 0 0 23 0 0 0 0 0 0 -39 0 -57 -44 0 0 81 35 0 106 0 -128 35 14 -21 0 0 -3 124 19 100 127 0 -60 0 127 -101 0 0 0 103 0 -95 0 20 -128 -128 -38 127 0 0 45 0 0 0 0 0 0 -19 0 -106 -109 0 0 96 51 0 65 0 -128 69 28 -23 0 0 127 119 33 39 127 0 -98 0 127 -127 0 0 0 127 0 -31 0 127 -128 -128 127 127 0 0 127 0 0 0 0 0 0 127 0 -128 29 0 0 127 127 0 127 0 -128 127 127 56 0 0 127 127 127 -29 79 0 127 0 127 -71 0
0 0 -9 0 18 0 17 71 -128 -9 116 0 0 34 0 0 0 0 0 0 -37 0 -97 -112 0 0 126 59 0 122 0 -83 32 -26 -24 0 0 -20 6 29 46 127 0 -76 0 127 -128 0 0 0 105 0 -74 0 27 -88 -128 -81 127 0 0 63 0 0 0 0 0 0 8 0 -83 -128 0 0 127 79 0 92 0 -128 70 -18 -26 0 0 127 -1 44 7 104 0 -128 0 127 -128 0 0 0 127 0 -33 0 127 -128 -128 3 127 0 0 127 0 0 0 0 0 0 127 0 -81 -128 0 0 127 127 0 127 0 -128 127 127 69 0 0 127 123 127 34 3 0 127 0 127 -128 0
0 0 -17 0 14 0 25 113 -126 -54 13 0 0 54 0 0 0 0 0 0 -16 0 -128 -128 0 0 127 63 0 120 0 -82 46 -31 -32 0 0 -68 -56 47 -61 127 0 -128 0 127 -128 0 0 0 89 0 -48 0 40 91 -128 -111 -59 0 0 82 0 0 0 0 0 0 52 0 -128 -128 0 0 127 82 0 127 0 -128 81 -30 -28 0 0 127 -107 63 -24 127 0 -128 0 127 -128 0 0 0 127 0 -30 0 127 127 -128 -123 127 0 0 127 0 0 0 0 0 0 127 0 38 -128 0 0 127 127 0 127 0 -128 127 126 96 0 0 127 -56 127 93 -33 0 127 0 127 -128 0
0 0 -43 0 42 0 27 127 -128 -82 -33 0 0 37 0 0 0 0 0 0 -17 0 -128 -128 0 0 127 69 0 127 0 -35 16 -9 -26 0 0 -128 -128 48 -81 127 0 -128 0 127 -128 0 0 0 52 0 -39 0 45 127 -128 -127 -99 0 0 70 0 0 0 0 0 0 78 0 -104 -128 0 0 125 92 0 127 0 -128 52 -6 -19 0 0 69 -128 73 -30 127 0 -128 0 127 -128 0 0 0 127 0 3 0 127 127 -128 -128 61 0 0 127 0 0 0 0 0 0 127 0 127 -128 0 0 127 127 0 127 0 -34 127 127 127 0 0 127 -128 127 127 -41 0 127 0 127 -128 0
0 0 -16 0 47 0 21 127 41 -55 -75 0 0 -1 0 0 0 0 0 0 -32 0 -107 -128 0 0 127 40 0 127 0 -42 1 46 -11 0 0 -121 -128 30 -72 101 0 -105 0 127 -128 0 0 0 56 0 -55 0 48 127 -104 -103 -64 0 0 27 0 0 0 0 0 0 51 0 2 -128 0 0 127 68 0 127 0 -128 37 78 1 0 0 -126 -128 59 -31 4 0 -88 0 68 -128 0 0 0 127 0 21 0 127 127 -128 -36 79 0 0 127 0 0 0 0 0 0 127 0 127 -128 0 0 127 127 0 127 0 127 127 127 127 0 0 127 -128 127 127 -128 0 127 0 127 -128 0
0 0 1 0 1 0 22 63 -112 -62 -22 0 0 -15 0 0 0 0 0 0 6 0 -66 -125 0 0 127 29 0 93 0 -33 -4 69 -8 0 0 -120 -41 30 -102 126 0 -95 0 53 -20 0 0 0 4 0 -104 0 43 36 -128 -37 -2 0 0 3 0 0 0 0 0 0 20 0 48 -128 0 0 113 47 0 127 0 -91 17 101 8 0 0 -81 -64 54 -9 29 0 -1 0 -41 -39 0 0 0 127 0 105 0 127 127 -128 127 -128 0 0 127 0 0 0 0 0 0 127 0 127 -128 0 0 91 127 0 127 0 127 127 127 127 0 0 3 -30 127 127 -128 0 127 0 127 127 0
0 0 -26 0 -39 0 20 2 -128 -15 -5 0 0 -30 0 0 0 0 0 0 -72 0 29 -128 0 0 77 29 0 -14 0 -34 -31 63 -1 0 0 -128 -19 36 -63 93 0 -38 0 26 127 0 0 0 4 0 -125 0 47 -70 -128 27 31 0 0 -10 0 0 0 0 0 0 -78 0 126 -128 0 0 98 48 0 85 0 -38 -6 118 24 0 0 -112 -60 63 33 66 0 10 0 -72 127 0 0 0 127 0 127 0 127 8 -128 127 -128 0 0 127 0 0 0 0 0 0 127 0 127 -128 0 0 21 127 0 127 0 127 127 127 127 0 0 -82 -13 127 127 -128 0 127 0 127 127 0
0 0 -29 0 -64 0 34 -104 -128 27 91 0 0 -34 0 0 0 0 0 0 -79 0 53 -56 0 0 127 18 0 -8 0 -9 -38 99 13 0 0 -128 114 30 6 -66 0 -14 0 -51 127 0 0 0 -52 0 -128 0 46 -128 -128 73 127 0 0 -27 0 0 0 0 0 0 -122 0 124 -88 0 0 102 27 0 39 0 -5 -30 127 24 0 0 -128 110 40 35 -128 0 31 0 -100 127 0 0 0 127 0 127 0 127 -128 -128 127 -112 0 0 127 0 0 0 0 0 0 127 0 127 -128 0 0 -58 127 0 127 0 127 127 127 127 0 0 -128 127 127 127 -128 0 127 0 127 127 0
0 0 -39 0 -46 0 42 -14 -128 -10 19 0 0 -31 0 0 0 0 0 0 -88 0 67 -36 0 0 94 18 0 8 0 41 -33 96 26 0 0 -128 42 31 18 -12 0 -51 0 -68 127 0 0 0 -46 0 -105 0 57 -66 -128 80 65 0 0 -23 0 0 0 0 0 0 -123 0 83 -45 0 0 66 31 0 -19 0 39 -21 127 42 0 0 -128 41 46 60 -100 0 36 0 -75 127 0 0 0 127 0 127 0 127 -100 -128 127 -128 0 0 127 0 0 0 0 0 0 127 0 127 -128 0 0 -128 127 0 127 0 127 127 127 127 0 0 -128 96 127 127 -128 0 127 0 127 127 0
0 0 -57 0 -52 0 38 -28 107 4 -24 0 0 -11 0 0 0 0 0 0 -108 0 -1 -63 0 0 -23 25 0 22 0 32 -12 66 28 0 0 -92 17 21 -20 14 0 -49 0 -79 127 0 0 0 46 0 -108 0 63 -11 -11 71 -42 0 0 8 0 0 0 0 0 0 -50 0 75 -123 0 0 27 48 0 2 0 46 18 102 52 0 0 -90 55 42 60 -128 0 18 0 -66 127 0 0 0 127 0 127 0 127 19 -128 127 -128 0 0 121 0 0 0 0 0 0 127 0 127 -128 0 0 -128 127 0 127 0 127 127 127 127 0 0 -128 127 126 127 -128 0 127 0 88 127 0
0 0 -21 0 -45 0 34 88 127 28 -74 0 0 -5 0 0 0 0 0 0 -32 0 -51 10 0 0 -128 41 0 19 0 -10 -16 19 34 0 0 -84 127 32 -31 32 0 -43 0 -88 105 0 0 0 7 0 -128 0 60 90 51 124 -127 0 0 23 0 0 0 0 0 0 9 0 -58 19 0 0 -128 70 0 -128 0 -82 12 35 68 0 0 -66 127 59 68 -128 0 40 0 -81 65 0 0 0 127 0 127 0 127 127 -128 127 -128 0 0 127 0 0 0 0 0 0 127 0 127 -128 0 0 -128 127 0 127 0 127 127 120 127 0 0 127 127 127 127 -128 0 127 0 127 90 0
0 0 -105 0 -92 0 26 118 34 125 -39 0 0 33 0 0 0 0 0 0 -36 0 -31 127 0 0 -128 60 0 -99 0 -128 -20 -36 71 0 0 -81 9 42 44 127 0 -4 0 115 29 0 0 0 -128 0 -128 0 62 112 -106 127 -128 0 0 77 0 0 0 0 0 0 -49 0 -29 127 0 0 -128 97 0 -128 0 -128 6 -44 125 0 0 43 -128 81 127 -74 0 65 0 20 -90 0 0 0 98 0 127 0 127 127 -128 127 -128 0 0 127 0 0 0 0 0 0 127 0 127 127 0 0 -128 127 0 -92 0 63 127 70 127 0 0 127 -99 127 127 -128 0 127 0 127 -52 0
0 0 -118 0 -55 0 69 57 127 127 -128 0 0 120 0 0 0 0 0 0 75 0 26 127 0 0 -94 88 0 -128 0 -128 27 -128 127 0 0 103 127 69 81 -44 0 33 0 127 -128 0 0 0 -128 0 -128 0 69 -106 127 127 -128 0 0 124 0 0 0 0 0 0 -44 0 -128 127 0 0 -128 91 0 -128 0 -128 21 -128 127 0 0 127 127 73 127 -128 0 20 0 60 -128 0 0 0 90 0 127 0 127 127 -128 127 -128 0 0 127 0 0 0 0 0 0 127 0 -128 127 0 0 -128 127 0 -128 0 86 127 -128 127 0 0 127 127 127 127 -128 0 127 0 127 -128 0
0 0 -17 0 -5 0 77 -34 127 127 -128 0 0 127 0 0 0 0 0 0 -34 0 94 127 0 0 92 84 0 -119 0 -128 25 -128 127 0 0 95 50 99 115 124 0 51 0 55 -128 0 0 0 -128 0 -126 0 68 -36 127 127 -128 0 0 127 0 0 0 0 0 0 -128 0 -128 127 0 0 -77 85 0 -128 0 -128 7 -128 127 0 0 127 66 104 125 -128 0 44 0 -73 -128 0 0 0 -28 0 127 0 127 86 -128 127 -128 0 0 127 0 0 0 0 0 0 127 0 -128 127 0 0 -128 127 0 -128 0 109 127 -128 127 0 0 127 127 127 127 -128 0 127 0 127 -128 0
0 0 -128 0 52 0 60 127 -128 115 127 0 0 89 0 0 0 0 0 0 37 0 47 127 0 0 -128 82 0 127 0 -103 -19 -21 101 0 0 33 -128 109 127 -26 0 127 0 -28 83 0 0 0 -128 0 -100 0 65 127 -128 127 127 0 0 103 0 0 0 0 0 0 -117 0 -75 127 0 0 -128 97 0 23 0 -30 -45 -41 122 0 0 74 -128 126 127 -3 0 127 0 -128 -60 0 0 0 -128 0 127 0 127 -7 -128 127 127 0 0 127 0 0 0 0 0 0 -126 0 -128 101 0 0 -128 127 0 127 0 -115 -15 -47 127 0 0 127 -128 127 127 -128 0 127 0 -128 -128 0
