76 68 70 71 66 67 69 69 69 72 80 80 79 79 79 77 81 79 79 83 80 78 78 78 78 79 77 75 78 77 81 79 83 81 83 79 83 82 80 78
68 64 65 70 65 71 64 64 74 74 77 81 75 71 73 77 82 77 79 80 79 78 77 80 77 79 77 79 79 79 80 81 79 79 79 79 79 82 81 79
73 67 64 64 69 73 75 71 68 71 71 74 73 72 67 74 80 75 72 74 72 78 80 78 72 77 77 78 77 76 79 79 82 80 79 80 80 81 79 78
68 62 59 68 69 70 68 67 69 69 71 76 76 75 75 74 73 71 75 76 75 75 78 77 79 78 75 76 77 77 78 74 76 79 77 77 78 78 78 78
68 65 59 64 68 64 71 71 70 72 70 76 75 76 75 76 77 76 74 72 73 79 75 77 76 79 76 75 76 76 78 73 71 73 74 77 80 79 77 76
69 69 64 67 65 64 73 70 70 72 77 75 72 74 74 73 74 73 74 76 75 79 74 76 73 73 73 75 76 72 76 77 72 77 76 76 76 76 78 77
73 63 65 72 72 68 69 72 71 68 76 76 75 74 72 69 74 71 74 74 75 77 75 75 70 74 74 73 75 72 73 77 74 74 74 73 76 78 75 77
72 69 65 63 66 70 74 69 69 70 72 77 81 77 70 72 73 67 70 72 72 73 74 74 76 74 75 73 70 72 73 73 70 71 73 75 76 75 71 72
69 67 64 68 66 57 68 67 72 68 68 75 74 74 71 76 77 73 71 72 71 74 72 70 73 71 74 75 69 72 75 71 73 74 74 72 76 77 75 74
68 65 66 65 59 57 64 73 73 70 70 74 72 73 73 74 73 72 71 70 70 74 73 71 70 74 75 75 73 72 71 71 76 75 74 73 73 74 73 74
69 58 58 64 68 65 67 70 72 76 78 78 78 72 72 70 71 70 69 69 68 71 70 75 70 72 72 74 73 74 71 71 71 72 72 73 71 73 76 76
74 65 69 71 68 68 67 67 69 70 74 75 77 76 70 73 71 69 73 72 65 74 73 73 71 73 72 73 69 71 76 73 73 72 72 73 72 73 76 73
72 66 66 67 66 67 70 67 64 70 77 75 73 74 75 72 67 69 72 74 70 68 73 73 70 69 72 76 72 73 70 72 74 73 73 72 72 72 75 75
66 62 67 65 68 62 68 72 70 69 75 74 71 72 76 72 71 74 75 73 68 68 72 74 69 71 74 72 70 74 72 71 69 68 73 74 73 71 71 73
63 65 63 67 68 66 68 67 67 72 73 75 74 75 69 67 71 68 70 70 66 71 71 74 72 73 71 71 72 71 73 73 72 70 71 73 71 72 75 75
65 64 63 71 70 66 73 71 70 69 71 74 74 73 76 69 74 71 73 74 74 73 71 71 72 70 71 70 72 69 70 73 73 73 73 71 72 71 71 71
69 66 65 71 69 72 72 64 64 67 72 70 72 69 71 68 72 74 69 70 71 70 72 70 69 71 73 73 70 69 69 67 67 69 72 74 74 70 69 69
71 65 63 63 64 64 65 69 68 66 70 76 70 71 72 76 75 72 70 70 69 69 73 71 69 69 69 70 70 70 72 67 68 71 71 72 69 72 73 75
70 66 67 70 63 66 71 71 70 71 70 75 79 75 75 71 70 69 71 65 69 71 69 71 71 68 70 72 69 69 70 67 72 73 73 71 72 72 75 72
58 61 69 70 66 70 71 70 69 67 72 73 75 71 70 72 73 70 67 71 64 71 71 68 71 74 72 72 71 69 69 71 72 71 74 72 72 72 72 73
71 68 67 69 70 69 73 65 64 69 78 78 74 71 72 76 72 72 68 72 70 71 73 70 71 71 72 73 73 70 71 68 70 69 71 72 72 71 72 74
68 65 69 70 70 62 69 66 65 76 74 68 74 72 72 76 68 70 70 71 70 73 73 68 70 72 72 72 69 65 68 70 73 72 70 71 72 71 72 74
68 60 66 66 68 67 68 65 69 75 75 69 70 73 75 76 74 74 72 68 68 73 72 68 70 71 70 71 69 69 67 70 72 73 72 72 71 72 72 75
70 66 66 68 64 67 68 70 70 72 75 72 74 73 73 76 74 74 72 71 71 68 70 73 74 69 69 69 73 72 71 69 71 73 73 69 71 73 73 75
61 59 66 72 69 68 72 68 69 73 76 75 70 75 70 73 70 69 73 72 73 73 73 71 74 75 73 70 72 71 70 71 69 71 69 71 73 74 72 72
68 58 60 63 70 66 64 71 66 69 69 72 70 73 72 73 69 69 68 74 73 73 71 72 71 75 76 73 69 66 69 71 71 70 69 73 72 73 71 71
72 65 65 69 66 65 68 73 71 71 72 72 71 72 68 70 67 70 72 71 70 72 73 72 76 77 80 79 72 72 67 72 70 68 72 70 72 75 74 73
70 61 64 63 71 71 69 66 68 72 66 71 72 73 72 73 68 74 74 67 70 73 73 71 76 79 80 80 74 71 68 71 71 71 72 71 72 75 75 72
66 62 64 66 68 70 66 69 70 66 66 68 72 70 77 77 74 69 65 65 73 74 72 70 71 74 75 73 70 72 72 73 73 74 73 71 72 76 75 77
62 66 67 71 66 68 71 69 68 73 72 69 73 70 72 70 74 71 69 73 72 73 74 73 75 72 71 69 68 69 69 72 71 73 71 70 71 70 74 74
66 67 68 68 64 67 69 72 67 68 75 79 71 68 75 72 75 70 70 73 77 78 74 70 70 72 73 71 68 69 69 71 71 73 73 73 71 70 73 73
71 70 71 69 63 70 70 68 59 67 74 75 71 76 76 73 71 70 69 71 73 73 75 74 74 72 73 72 70 73 71 73 70 72 72 74 71 71 72 72
73 59 61 67 67 67 76 70 69 71 73 74 73 73 68 76 77 74 70 74 76 77 82 78 75 75 74 79 76 72 72 74 73 76 75 74 71 71 73 74
69 64 67 69 68 71 70 69 71 69 73 74 75 72 71 69 75 73 75 75 71 74 76 67 70 72 77 73 70 67 71 73 72 73 74 72 75 71 74 75
65 58 59 64 64 67 69 66 66 70 73 76 75 68 67 75 74 71 73 72 71 72 74 72 70 72 75 74 73 69 70 71 71 71 71 72 72 72 71 74
70 59 61 68 67 67 66 66 66 67 69 74 72 66 76 75 75 70 67 68 66 68 73 76 71 69 70 72 72 71 70 71 72 71 72 73 73 74 72 73
69 65 60 68 63 69 67 65 68 71 70 72 71 73 74 74 70 72 75 75 73 69 72 73 70 71 74 70 73 72 71 70 70 73 70 71 71 74 71 75
69 67 64 65 67 68 69 72 64 68 75 70 72 71 75 75 72 69 69 74 73 73 73 72 75 72 73 69 70 72 72 69 70 70 72 73 74 73 72 74
74 64 67 64 64 65 63 61 60 67 73 72 76 71 76 74 73 70 70 73 69 69 71 73 71 71 69 69 67 66 71 69 68 71 73 71 72 72 73 74
72 64 63 67 63 67 69 67 61 65 70 76 76 78 72 70 71 68 72 69 71 74 72 71 69 74 72 73 72 71 72 72 71 72 72 71 73 73 72 74
65 64 69 68 65 65 68 69 67 70 73 72 73 72 71 71 73 69 70 71 73 71 70 71 72 71 72 74 70 70 69 70 71 71 71 70 72 74 74 75
64 57 66 64 61 65 64 59 63 70 76 75 69 74 71 72 73 73 71 70 72 72 68 69 71 69 75 74 74 70 67 68 73 70 70 71 73 74 73 73
70 63 64 66 68 69 62 59 62 68 75 76 68 73 70 71 72 70 71 72 71 72 70 68 70 72 71 71 65 67 70 67 68 67 69 69 73 73 75 73
70 66 71 71 72 71 68 69 63 69 73 71 73 75 76 74 71 71 71 71 73 71 68 69 70 71 71 71 70 67 67 68 67 71 72 71 71 74 74 74
70 61 60 64 62 70 71 64 70 72 78 76 73 68 71 71 64 68 69 72 67 69 73 73 73 72 73 74 71 71 68 71 70 70 72 72 72 73 73 75
66 62 65 67 68 67 70 70 66 65 74 78 69 62 72 73 67 66 71 72 70 74 75 76 74 72 72 69 69 68 68 68 70 71 75 71 73 72 73 73
72 66 71 69 66 62 69 71 66 67 74 72 70 73 70 70 73 71 71 72 66 72 72 71 72 66 70 70 73 67 71 70 69 70 70 72 71 73 74 74
74 65 65 70 66 62 71 70 70 73 77 77 76 70 72 70 73 74 69 73 66 68 70 70 70 66 70 71 72 68 69 69 70 69 71 70 73 71 73 72
76 70 68 68 66 62 69 69 69 74 82 76 70 70 74 71 73 70 72 69 68 74 70 73 70 68 70 71 69 70 71 73 69 69 70 69 73 72 69 73
68 61 66 73 69 67 73 72 72 70 73 73 73 72 74 75 69 71 73 71 70 68 73 70 69 73 74 73 70 69 70 70 69 70 73 72 73 74 73 74
63 60 70 74 68 66 65 65 73 70 75 75 72 70 76 74 71 72 73 71 72 70 68 70 70 69 74 74 72 70 69 71 71 70 70 72 74 72 73 73
65 62 64 62 59 62 68 66 66 65 75 73 74 69 75 74 71 69 74 69 71 71 68 70 68 71 73 70 69 68 68 70 70 69 71 73 73 72 73 72
70 59 58 66 71 71 72 66 67 70 73 79 77 74 72 72 73 73 78 72 71 77 72 72 72 71 72 71 70 66 67 70 68 69 72 76 75 74 74 73
73 62 57 67 71 74 66 68 68 70 78 77 73 70 72 69 65 72 76 73 72 73 72 73 69 71 74 72 71 69 66 67 68 71 71 72 72 72 75 69
73 64 70 74 72 69 63 69 70 69 74 77 75 78 75 70 67 74 74 70 66 69 73 72 66 72 73 69 74 69 67 70 70 70 71 71 73 69 74 75
69 65 66 66 66 62 72 74 67 67 72 75 73 73 77 75 71 72 75 72 69 72 72 68 68 65 71 72 71 70 70 70 72 69 72 73 74 72 75 74
59 60 58 66 70 66 73 71 68 73 72 79 77 76 74 73 71 71 72 69 70 75 73 73 70 65 71 71 69 68 66 69 68 69 73 73 72 71 73 75
61 60 67 74 71 67 68 71 72 73 79 76 68 68 70 72 68 67 71 69 66 72 71 72 67 67 71 71 71 68 65 71 69 70 71 73 72 74 74 75
66 66 69 70 71 63 61 65 71 72 74 73 68 75 75 69 68 73 77 74 70 69 70 73 72 71 72 71 73 72 68 69 72 72 71 71 73 74 73 74
74 69 65 72 73 70 67 66 72 76 78 74 69 73 72 71 71 66 72 72 69 75 74 75 72 71 74 74 72 74 70 71 72 72 71 70 71 71 74 73
69 55 60 72 70 70 73 71 73 67 75 71 69 73 69 70 67 63 70 67 69 70 71 71 70 72 75 73 72 68 69 70 70 71 70 69 73 71 74 73
68 66 62 66 68 67 71 74 70 70 71 70 71 74 76 72 64 68 74 68 68 70 73 70 72 70 74 73 69 68 69 70 72 71 68 71 71 71 72 73
64 62 56 68 71 65 66 74 70 68 76 77 73 66 74 71 71 74 73 71 64 69 72 72 72 70 72 71 71 70 72 73 72 72 76 74 76 74 75 74
67 60 65 72 69 61 70 73 68 69 70 76 75 76 75 67 66 67 69 72 67 72 72 68 68 66 71 71 72 73 72 70 76 76 81 78 76 73 74 74
69 64 67 67 70 64 64 62 65 67 76 75 69 72 74 69 71 72 71 68 69 72 70 70 67 70 69 74 77 72 73 76 81 81 84 81 79 76 76 73
69 60 63 71 71 71 68 67 65 65 71 74 74 72 75 75 71 71 74 74 66 70 71 72 75 73 73 79 82 76 76 79 85 83 83 82 78 79 79 76
73 62 62 66 65 65 65 61 73 76 73 74 74 75 78 80 78 76 73 75 71 72 71 74 76 78 77 80 85 76 70 75 86 85 84 82 78 78 78 73
74 67 68 64 63 67 71 75 72 73 72 72 72 71 82 79 76 75 81 79 77 77 78 76 80 81 76 82 90 82 75 76 87 86 85 81 78 80 75 76
73 62 60 66 64 68 71 71 73 77 71 75 76 76 82 83 78 80 84 81 81 82 81 83 85 79 76 82 84 78 76 81 85 81 83 81 80 81 81 75
71 65 65 65 63 69 75 79 77 83 81 76 80 81 81 81 87 85 85 88 84 84 82 85 88 82 78 84 83 80 76 76 81 82 78 79 76 76 77 75
71 62 65 69 63 70 72 71 74 79 78 80 83 80 86 89 86 87 89 89 89 89 91 91 91 86 85 89 83 80 78 83 84 81 83 80 78 79 78 77
68 61 64 64 66 70 76 78 76 81 83 81 84 80 86 83 87 90 89 84 80 89 87 89 88 85 78 84 82 79 77 79 80 81 77 80 77 75 78 78
67 64 61 76 81 77 78 78 79 82 81 84 89 85 82 84 87 91 90 88 87 86 82 88 87 86 88 86 83 81 80 83 83 83 80 80 78 76 77 79
63 62 57 78 85 76 72 81 85 86 88 96 91 87 88 87 86 87 92 88 87 89 86 90 87 84 87 86 76 78 80 82 82 83 81 81 78 78 77 77
66 56 59 80 84 74 71 82 83 77 89 96 85 83 88 89 93 86 88 88 89 88 88 91 88 85 84 81 76 77 79 79 81 79 78 78 78 77 76 74
72 65 66 80 84 73 67 76 82 79 87 94 84 87 89 84 90 89 88 88 91 86 83 89 86 85 83 84 83 80 81 81 83 81 81 82 77 79 77 78
70 61 64 78 84 75 67 79 83 79 86 94 89 89 91 86 94 88 93 90 88 87 88 88 87 85 82 82 79 80 83 79 81 79 79 78 74 75 76 76
66 59 62 78 85 76 74 78 82 83 84 97 90 84 91 84 92 89 88 86 84 84 87 87 86 85 84 84 82 79 82 79 79 78 77 78 75 77 77 76
60 61 64 79 87 76 70 79 84 80 83 95 93 81 90 86 95 89 88 92 83 79 82 84 83 82 84 82 85 82 81 80 79 83 80 78 73 75 73 73
64 56 60 79 89 83 70 75 85 83 85 95 94 78 87 86 96 91 85 87 85 83 87 84 84 81 80 80 78 78 81 79 80 78 76 80 75 74 74 74
73 67 66 81 90 83 72 71 84 83 83 91 90 85 87 89 92 91 90 92 84 86 86 82 83 80 82 80 78 80 80 80 77 77 75 79 76 75 75 74
75 66 63 79 88 84 74 77 82 84 85 91 88 84 87 87 86 88 85 87 84 83 86 85 83 81 80 82 79 78 78 74 74 76 76 77 73 73 76 74
75 64 63 76 83 85 73 74 76 80 83 88 87 87 87 83 86 86 85 86 82 84 86 83 82 78 84 80 79 79 80 74 72 77 76 77 72 74 77 74
72 62 66 73 88 88 74 79 79 82 81 88 86 80 83 81 87 86 82 82 82 83 83 79 81 79 83 78 78 78 76 76 77 73 75 78 75 73 73 74
70 58 65 75 86 88 76 76 77 83 78 83 84 80 81 84 81 85 84 86 83 84 81 78 83 81 79 79 79 77 79 77 76 73 77 79 76 73 74 76
73 63 60 66 83 87 76 78 80 85 86 84 79 79 84 85 81 85 84 83 86 85 82 80 84 80 80 77 76 76 78 77 74 72 75 75 73 75 73 75
74 61 63 68 86 88 74 66 76 84 85 85 83 78 82 81 88 84 88 84 82 83 83 82 81 76 77 78 76 76 76 71 72 73 74 74 75 75 74 74
72 59 63 73 87 88 75 70 79 86 77 83 79 81 86 80 84 82 82 84 80 84 86 81 80 78 77 75 77 77 77 75 74 75 74 74 73 75 76 75
71 58 61 73 87 88 77 70 72 86 83 81 82 83 82 81 85 81 82 84 81 82 78 81 84 81 77 77 77 75 76 74 75 76 76 75 71 72 74 74
71 61 63 72 87 87 71 71 83 90 86 85 94 88 85 84 86 80 84 84 85 87 82 85 86 82 80 86 82 73 75 77 75 76 74 75 73 72 74 74
71 66 72 75 89 85 68 71 87 88 85 85 94 85 80 80 81 81 83 84 79 80 78 85 84 84 82 85 84 75 75 74 77 77 74 78 77 73 72 73
72 67 66 77 88 79 74 80 87 84 84 93 93 78 85 82 85 82 83 84 84 80 80 84 84 87 82 83 87 78 77 75 75 76 74 75 75 76 73 72
67 60 66 81 88 79 71 79 88 84 84 95 93 78 85 83 85 83 84 80 81 82 80 77 90 94 84 90 87 79 75 75 76 77 76 77 77 75 71 73
66 62 64 82 88 80 70 82 88 84 87 94 85 83 82 78 83 82 81 84 83 81 77 81 93 92 88 92 87 84 79 77 74 75 75 78 77 73 73 74
62 62 65 82 84 72 71 86 85 79 91 94 87 84 82 85 83 82 84 81 80 76 77 81 87 86 90 90 93 85 81 76 76 73 73 80 80 74 71 74
71 66 69 82 83 78 74 89 86 81 95 90 81 82 81 84 78 82 80 79 81 81 77 77 85 85 88 89 92 85 79 76 76 73 78 79 76 73 75 77
75 63 70 83 84 77 77 87 82 86 95 89 83 82 81 84 82 82 84 82 78 80 76 77 85 85 84 89 86 83 77 77 70 72 76 76 76 75 74 76
71 61 72 84 83 75 79 87 77 83 92 89 86 81 80 78 78 79 79 82 78 81 78 77 85 85 84 85 85 83 76 73 73 75 79 75 75 74 74 73
66 59 68 79 75 76 81 84 80 85 83 75 79 73 74 84 78 76 80 77 73 78 76 75 82 87 88 83 83 82 74 75 77 74 77 76 74 75 75 77
71 66 68 82 82 74 83 84 72 82 87 82 77 78 75 77 73 77 76 75 77 76 77 77 79 85 85 83 81 79 75 73 74 73 76 76 73 73 73 74
72 66 69 78 74 73 85 87 72 74 80 81 74 73 75 72 71 76 75 81 81 77 72 70 79 81 78 79 83 80 73 70 72 72 75 74 74 73 73 75
74 63 68 77 74 73 83 86 78 74 80 82 76 70 78 79 81 78 74 81 77 77 76 72 75 82 81 79 80 79 71 73 73 71 78 74 75 73 73 73
76 65 67 77 75 72 75 79 80 73 66 80 79 76 78 80 77 76 72 80 78 77 76 76 76 79 76 76 79 79 71 74 76 73 77 76 75 76 73 72
73 68 70 75 69 63 76 76 74 75 76 76 80 74 80 77 74 72 71 75 76 74 79 79 75 80 78 75 78 77 74 72 82 80 86 82 84 82 76 76
70 67 68 73 75 73 72 77 78 77 82 77 79 77 78 78 75 76 78 73 72 75 75 75 77 82 80 74 82 78 72 72 77 83 90 87 86 80 77 78
73 65 63 73 77 74 73 76 73 77 81 77 77 75 81 78 78 76 75 73 74 73 73 76 80 85 79 77 83 79 70 73 79 83 92 92 90 87 81 81
68 58 66 67 68 66 66 72 74 74 74 74 74 73 79 80 76 74 74 75 77 75 76 75 81 84 80 77 81 75 69 71 86 88 90 90 87 88 82 80
65 58 67 72 69 71 72 76 70 74 79 72 76 79 80 78 79 74 74 76 77 77 72 72 82 82 77 79 85 78 74 76 86 90 91 89 84 88 82 80
59 58 61 71 72 68 73 74 69 76 73 67 69 74 74 80 77 78 75 74 74 74 76 84 87 81 78 82 86 79 74 80 84 83 86 84 79 82 79 78
69 62 62 68 69 67 69 75 77 82 79 74 78 74 72 71 75 74 76 74 78 75 77 84 83 79 82 82 81 73 75 78 81 82 83 82 79 78 79 80
75 68 66 75 80 78 70 77 80 83 82 82 80 77 76 76 76 72 76 77 78 78 78 84 80 80 80 81 79 75 74 79 79 79 83 83 80 79 78 78
73 64 66 80 79 76 74 85 81 83 94 89 85 85 79 83 78 80 78 79 81 81 79 78 78 73 78 85 78 74 78 78 76 80 81 83 79 80 78 79
72 66 69 81 74 74 78 84 76 87 96 86 91 88 87 86 86 86 86 82 83 77 78 76 77 79 81 85 80 72 75 80 78 80 79 79 78 77 77 77
63 59 72 83 79 71 73 84 81 87 96 88 93 94 89 92 92 91 91 85 81 78 77 74 76 74 78 82 77 71 72 75 75 78 80 79 77 74 74 77
65 69 70 80 79 72 74 83 78 85 95 88 96 96 91 95 95 95 88 81 79 75 75 77 78 77 81 80 76 71 71 76 79 78 73 74 75 77 76 76
64 67 63 79 78 70 72 85 78 81 97 92 94 97 89 97 93 95 83 82 81 79 77 76 77 75 78 75 73 72 71 72 71 73 74 75 75 74 73 77
68 65 64 81 80 72 74 86 81 83 100 94 86 94 84 93 91 95 85 80 74 77 78 75 73 71 73 73 73 68 73 73 71 71 71 76 75 74 74 76
72 66 66 82 84 74 69 85 84 82 99 98 91 97 89 92 93 90 85 76 79 78 76 73 73 74 77 76 73 69 74 75 71 74 71 75 73 74 74 73
73 63 65 85 86 76 76 84 86 77 90 97 82 91 89 88 92 86 81 78 80 77 75 77 73 74 77 78 75 68 72 72 72 72 72 74 75 75 74 74
73 66 66 81 87 75 69 82 85 76 88 97 89 90 89 84 86 79 80 78 79 76 72 70 71 69 73 74 75 68 72 75 72 70 72 74 75 74 72 75
70 59 64 78 86 76 59 77 84 80 87 92 87 87 84 84 85 87 83 76 74 74 70 69 73 71 75 72 73 68 70 74 73 71 72 73 75 73 73 73
69 63 66 83 88 81 66 71 74 68 85 89 83 86 79 88 90 88 83 80 71 72 71 71 70 76 76 74 70 68 71 71 69 70 73 75 74 72 72 73
71 69 67 77 89 86 69 78 79 77 80 83 79 81 74 78 86 83 78 76 74 67 72 70 73 71 72 72 70 68 70 68 70 70 73 74 71 71 73 73
70 68 62 73 88 85 70 75 77 76 87 85 84 88 83 78 79 82 79 76 76 69 70 71 74 70 71 73 70 72 71 70 70 71 74 73 71 71 73 72
72 68 62 72 82 82 68 76 76 77 86 88 83 83 81 81 79 81 79 75 73 70 69 70 70 69 71 70 72 68 71 71 67 70 70 73 72 73 73 76
70 66 61 79 89 82 70 75 78 76 84 85 79 85 82 83 81 85 78 74 74 73 71 68 68 68 67 70 69 67 69 71 70 71 70 72 72 74 74 74
67 63 64 84 91 82 67 71 80 78 83 82 80 85 81 83 81 82 81 75 75 71 71 72 67 68 68 71 70 69 69 74 68 70 70 74 71 73 71 73
71 65 69 79 88 80 70 77 84 76 79 85 81 83 80 84 84 80 75 74 70 67 71 71 68 70 70 70 70 71 68 70 73 72 72 73 72 76 73 75
66 63 66 79 83 73 69 79 86 79 82 86 80 81 73 82 81 79 76 73 74 72 75 75 75 71 73 76 75 69 67 70 69 69 70 75 72 73 73 73
58 64 67 82 86 76 74 84 85 76 90 92 82 86 83 79 77 80 77 76 76 79 76 73 74 73 72 79 77 72 68 72 69 71 71 73 74 72 73 75
66 63 67 82 84 77 77 85 84 83 93 91 89 83 80 73 77 75 73 78 80 73 77 80 80 77 72 80 79 74 75 76 72 72 73 71 70 70 73 74
65 62 66 79 80 77 75 82 79 83 91 89 86 83 78 75 79 76 72 74 73 76 77 87 88 80 79 84 83 73 72 72 71 75 74 71 72 72 73 74
57 64 68 83 80 78 76 83 80 83 91 85 81 81 75 71 74 77 74 71 72 73 73 81 85 77 76 81 83 74 69 69 70 74 73 70 72 73 73 74
61 59 71 81 81 77 76 80 83 84 90 88 82 77 74 73 73 75 77 76 71 71 73 79 86 83 79 80 75 72 69 73 72 76 75 74 74 74 73 74
63 69 66 77 80 75 73 76 79 83 81 84 85 77 76 77 70 69 69 72 73 70 72 79 85 85 80 82 80 72 66 69 71 72 72 70 71 75 75 75
68 70 66 78 79 75 76 77 77 85 86 85 78 77 75 79 76 76 75 76 72 70 68 74 82 83 81 83 81 68 67 72 72 72 74 71 72 76 75 74
68 62 67 80 80 71 71 79 80 83 84 84 81 77 71 76 75 75 69 72 70 69 72 76 83 86 83 87 83 73 71 72 69 74 74 71 72 73 73 75
71 64 63 77 77 75 72 77 78 74 79 80 78 79 73 77 78 73 67 71 70 71 71 75 81 84 79 83 82 72 69 71 72 73 72 71 73 73 72 73
76 74 70 78 75 74 75 76 75 84 86 82 80 68 71 73 71 71 70 73 73 72 71 75 85 89 85 86 80 72 70 73 73 76 73 72 73 74 73 73
71 67 69 73 69 64 70 72 72 80 84 82 80 77 72 76 77 75 69 69 70 72 73 72 83 85 80 83 77 70 72 72 72 71 75 72 73 74 75 75
73 66 63 57 65 68 69 72 72 75 79 82 72 70 67 72 73 75 71 71 70 71 72 72 75 78 77 70 71 68 70 72 68 71 72 71 73 73 75 77
67 61 67 70 69 67 66 60 69 73 73 78 74 76 70 71 69 70 69 68 67 71 70 70 75 76 73 71 70 70 68 69 68 70 72 70 72 72 74 72
67 57 57 70 72 66 69 68 68 76 79 80 77 78 75 68 68 65 66 69 72 69 65 73 76 76 76 75 69 68 70 70 68 72 70 68 74 72 71 74
67 62 58 71 72 70 71 70 68 71 75 74 73 77 73 71 70 69 68 66 66 71 68 72 76 75 75 75 74 72 69 64 65 69 71 70 73 72 73 73
73 65 60 70 69 65 69 67 66 73 77 76 77 73 72 73 73 70 68 65 70 68 72 72 80 78 73 76 71 68 67 67 68 71 70 73 74 72 74 74
73 62 64 64 71 70 70 69 69 70 76 79 78 80 71 72 74 71 67 70 69 68 71 72 77 78 76 79 73 69 68 69 69 72 70 75 74 72 74 73
75 69 64 68 66 68 67 70 64 74 79 75 77 79 69 71 70 72 71 69 73 72 73 76 75 74 71 76 72 70 68 69 70 69 71 74 75 75 77 74
68 69 65 65 67 69 64 63 62 72 70 72 72 75 74 73 70 70 72 68 70 71 73 77 77 73 71 71 73 72 67 69 69 70 69 72 72 71 76 75
67 69 65 68 72 71 65 67 63 65 70 75 73 70 70 73 73 75 72 72 69 69 69 75 78 75 74 73 71 65 67 69 70 71 72 73 74 72 74 72
64 64 67 72 73 70 69 72 66 70 71 76 76 76 71 71 74 75 67 67 68 67 67 72 76 73 72 70 69 67 69 68 70 70 72 73 72 74 76 72
67 60 59 69 71 64 66 64 72 76 76 75 73 71 68 70 72 73 69 68 69 68 66 72 74 76 73 70 70 69 68 70 69 70 72 72 71 72 74 74
68 61 63 71 72 66 61 66 68 71 75 77 74 73 69 65 69 72 68 69 72 71 69 70 73 71 69 72 69 67 69 69 69 67 71 73 72 71 73 75
69 66 66 66 68 66 66 64 67 71 78 75 73 74 71 72 69 72 69 71 72 67 72 70 70 71 71 71 66 66 68 67 71 68 69 68 72 73 72 72
70 64 60 69 74 72 69 67 68 72 73 73 72 72 71 74 72 71 65 67 69 69 70 68 66 71 73 71 67 69 70 69 70 71 69 69 73 76 72 73
72 62 57 65 67 70 67 70 69 76 81 78 72 71 74 74 71 69 63 69 71 67 69 68 72 72 74 73 72 71 69 68 71 70 70 71 71 73 74 73
71 61 64 62 69 69 66 73 71 69 78 73 68 76 72 65 68 73 69 70 70 74 69 69 71 70 71 69 69 67 68 66 69 72 72 73 72 72 74 72
68 64 62 72 72 67 64 69 71 67 75 72 67 72 70 68 72 74 72 64 68 72 68 68 67 71 71 66 69 66 65 68 69 70 71 70 70 71 72 73
68 65 59 69 73 73 69 70 68 69 76 75 74 69 65 67 66 70 72 75 72 72 71 71 71 68 72 71 68 66 68 70 70 73 65 71 71 72 73 73
69 63 57 66 70 69 69 68 69 68 73 79 71 67 69 68 66 66 64 65 68 72 66 67 72 69 70 71 68 70 69 68 69 71 69 71 71 73 74 73
73 64 65 70 73 72 71 71 68 71 80 78 75 70 71 71 70 70 67 68 65 66 68 70 64 67 70 71 70 68 69 69 68 71 71 72 73 73 74 73
73 66 65 68 68 69 66 65 65 70 79 79 72 74 71 74 70 68 69 67 70 71 71 72 69 69 70 69 70 71 69 69 66 69 71 73 73 74 72 73
71 60 67 73 71 67 67 64 66 66 70 76 73 72 74 74 73 75 73 68 70 70 74 67 63 68 68 67 68 67 66 69 68 68 70 71 72 75 74 73
67 66 63 62 65 70 73 66 63 67 70 73 72 75 73 68 72 74 70 65 71 71 70 72 68 70 72 68 69 69 68 67 69 68 72 73 73 70 71 72
71 64 60 66 63 64 69 62 63 64 70 72 70 69 72 71 74 71 66 69 69 64 69 70 70 69 73 69 70 67 68 69 70 72 73 70 74 74 74 75
69 64 60 61 68 67 72 67 68 66 72 72 76 72 75 75 72 70 70 70 67 67 69 69 70 70 68 69 67 65 66 67 70 70 69 71 73 75 73 75
73 65 56 61 60 67 68 70 73 69 66 71 71 73 71 64 69 71 72 69 66 67 69 68 65 69 67 69 68 70 68 66 69 70 71 73 72 75 74 71
72 62 62 67 64 63 69 69 65 70 75 78 76 72 72 68 64 68 73 71 67 69 72 68 67 70 68 66 68 69 67 67 71 68 71 72 72 72 72 73
70 65 62 64 60 59 68 65 64 66 75 68 71 75 72 71 72 72 71 66 63 69 73 68 66 69 68 65 70 69 70 71 69 68 72 73 69 72 71 72
71 66 61 67 59 66 72 66 65 71 72 74 75 69 72 74 73 71 70 68 69 65 68 68 68 69 71 68 69 69 69 66 67 70 72 72 72 71 72 74
65 66 69 73 71 71 66 63 67 71 69 73 74 64 62 68 73 69 63 73 73 69 68 70 71 67 70 67 68 70 68 70 70 70 72 73 73 72 73 72
63 59 66 68 62 67 67 65 62 68 74 74 73 69 70 73 73 72 68 72 70 70 67 71 69 66 70 70 69 70 71 69 69 70 69 71 73 73 72 74
70 64 59 68 64 63 65 67 71 71 76 72 74 72 74 70 64 74 70 67 68 69 69 70 71 67 71 71 68 69 71 70 70 70 69 68 74 73 73 74
73 64 67 71 69 70 68 71 67 72 79 77 78 74 69 73 69 70 69 67 70 71 67 70 72 67 70 70 69 70 70 70 70 70 71 72 71 72 71 74
75 62 61 66 72 70 65 67 70 68 73 72 74 74 72 74 70 71 73 69 68 71 71 70 72 70 69 70 66 68 71 73 72 67 70 71 72 73 73 74
73 63 59 69 69 67 64 69 72 73 74 72 71 68 73 71 71 72 74 70 72 67 70 69 69 69 69 67 69 71 68 69 70 72 73 74 72 74 73 73
72 60 58 63 69 72 69 66 70 71 64 72 73 70 73 73 72 68 67 68 68 70 70 74 71 72 73 69 69 66 67 69 72 71 72 70 71 75 76 74
72 60 56 63 66 71 66 65 68 70 68 73 74 75 76 70 70 65 66 71 68 71 71 71 71 71 71 69 71 69 71 72 70 68 67 70 71 76 74 73
72 62 68 68 71 69 68 63 60 68 67 75 70 70 66 64 72 66 63 70 73 70 68 67 69 72 71 71 70 71 67 71 72 72 71 69 70 72 72 73
71 59 67 72 68 67 70 69 68 70 69 71 71 69 71 70 75 73 70 71 69 71 70 71 68 70 72 70 69 68 68 70 71 70 69 71 73 74 72 73
74 68 63 66 66 71 71 71 70 71 72 73 70 68 74 75 67 71 70 70 69 70 69 73 71 71 75 65 70 69 69 69 70 72 72 70 70 74 74 72
72 67 68 72 70 65 64 70 68 64 65 70 73 74 70 67 62 66 68 70 68 71 71 70 74 72 70 69 67 68 68 68 72 71 73 70 73 73 75 74
72 64 62 65 67 62 63 67 69 69 74 75 76 69 73 67 71 71 66 66 73 73 72 70 72 72 72 72 65 69 66 67 68 69 72 70 72 72 73 73
73 68 63 67 66 65 68 70 69 69 76 76 73 73 72 73 72 70 67 66 68 73 69 71 72 70 70 70 64 68 69 71 72 70 72 69 72 74 74 75
66 57 60 58 62 62 68 63 64 67 74 71 75 70 65 68 73 71 71 71 72 72 72 72 73 71 72 69 67 68 70 71 69 72 75 73 73 73 75 73
71 65 67 71 66 65 68 65 72 73 68 71 74 73 73 71 73 73 70 69 72 74 73 73 71 69 71 70 70 69 67 70 71 70 73 72 75 72 72 75
71 63 67 72 68 68 69 72 71 71 74 77 72 72 72 72 69 68 66 72 66 72 69 69 67 70 72 70 71 68 69 67 69 70 73 72 72 72 73 72
72 60 67 68 59 62 66 67 67 70 73 73 72 70 75 74 74 72 69 72 72 69 71 65 69 69 69 69 70 71 72 70 72 71 70 72 74 72 71 71
73 62 60 59 63 59 68 66 61 68 69 72 74 71 72 69 67 74 73 71 70 71 69 72 75 78 77 70 72 73 73 72 73 72 69 71 72 71 75 76
70 60 62 64 63 59 68 63 71 75 74 77 81 77 75 77 77 73 72 73 68 74 72 75 75 78 84 71 73 73 72 77 77 70 71 71 72 73 73 74
73 67 62 61 64 65 68 62 67 75 77 71 75 72 71 68 68 69 74 71 75 71 73 71 74 79 88 74 77 76 72 75 75 72 71 72 71 72 75 75
72 66 69 68 61 57 67 73 77 75 72 72 74 75 72 72 73 73 73 72 69 66 74 76 75 79 85 74 75 75 67 73 74 71 70 71 74 74 72 73
72 67 68 68 62 63 70 68 68 73 71 72 71 70 75 72 68 71 75 70 73 72 74 76 72 77 81 73 72 71 70 70 71 71 69 73 73 72 71 74
70 61 65 63 65 66 74 72 73 77 73 72 74 74 74 71 70 74 72 68 70 74 76 73 70 78 82 73 75 72 70 72 72 71 72 72 73 74 73 74
73 62 66 64 70 73 67 71 78 78 76 70 75 77 70 72 71 71 70 73 71 72 76 76 74 77 81 71 73 71 70 71 71 72 72 70 72 70 72 76
71 61 67 71 72 70 67 70 71 75 76 69 70 71 74 68 75 73 66 68 66 68 72 72 72 76 78 73 70 70 70 74 71 70 71 71 69 70 74 74
71 65 65 65 68 70 69 68 74 78 71 70 73 73 69 68 74 73 72 72 68 70 75 69 68 76 81 72 74 74 73 71 71 72 72 71 72 71 73 75
72 64 65 66 71 64 67 71 77 78 78 71 74 76 75 77 73 75 73 73 70 69 74 73 70 72 73 71 74 73 72 71 71 69 70 69 74 74 75 73
71 65 61 65 65 73 71 69 74 77 78 75 73 74 73 77 71 75 74 71 74 71 72 71 74 76 82 70 71 70 69 72 72 69 70 71 72 72 72 73
71 67 67 70 69 69 72 75 71 77 76 77 79 75 72 71 71 75 74 70 74 75 70 73 71 77 82 71 71 71 68 71 70 69 71 72 73 72 72 72
66 67 69 70 66 67 67 70 78 80 73 75 77 70 69 71 66 77 70 63 68 74 70 74 74 75 80 72 71 68 71 69 72 70 65 69 71 71 74 71
71 66 64 65 63 62 67 73 79 83 74 67 75 76 71 76 74 73 70 74 71 70 72 74 72 75 78 71 73 68 71 72 73 71 69 70 74 72 73 72
69 62 59 64 63 66 71 74 73 81 79 75 76 72 72 72 72 74 73 74 70 72 73 75 73 71 71 71 72 71 69 71 72 71 69 71 72 71 73 74
64 57 52 64 67 66 68 71 70 77 76 72 75 74 76 73 68 74 73 70 69 71 70 70 70 73 74 71 71 72 71 71 70 71 72 72 73 71 72 73
