124 88 -18 42 42 108 -114 0 -64 120 100 -36 -2 -12 70 36 -24 -38 112 -68 78 -28 8 24 46 -14 40 28 126 48 -52 64 -22 30 42 -118 -18 -2 8 10 -122 0 88 -26 60 -52 10 -38 -22 58 -46 -50 -6 120 4 -10 -80 116 -48 -8
-32 -14 -14 -18 38 -8 18 74 -48 -34 36 60 -6 30 16 12 70 64 20 66 12 86 54 -18 8 -2 -92 -60 -64 -52 -28 8 -118 -36 100 40 -48 -54 -68 74 -26 30 -126 -54 -14 -88 -4 -62 26 -22 68 10 -114 -102 8 82 64 -64 -44 22
-126 0 50 52 2 4 -116 36 -68 74 24 106 -38 -14 110 124 18 48 102 -2 -86 -30 38 -10 -8 16 64 -12 -122 -12 -72 106 2 14 -78 -46 22 46 124 42 0 -28 58 -68 50 16 14 2 -4 2 -124 40 28 -126 -8 68 -36 -30 124 -108
30 -100 44 0 10 -128 -80 42 20 120 72 120 -74 -12 90 124 20 24 96 24 -24 -100 -8 48 18 -2 38 -48 126 -22 -72 80 -50 8 -98 -102 86 106 96 54 -90 -4 126 -88 -4 -22 -10 52 -14 -52 -120 -20 116 126 0 110 14 -72 26 -70
122 -20 14 6 124 40 -36 52 24 120 -64 52 -44 -14 82 122 -36 20 120 10 -36 -52 32 -30 22 -20 -4 -28 -122 -2 -72 30 112 -6 12 26 78 64 122 30 -72 -18 -126 -38 -16 -56 -2 30 -36 -88 50 -12 14 124 16 112 82 -124 -126 -44
-128 -14 92 -22 -60 34 76 38 44 120 -4 10 -48 -10 24 126 -34 42 112 -8 40 24 38 72 28 -40 -46 -16 -126 8 -88 40 -54 -4 26 22 44 92 126 -36 -36 6 -110 -88 -12 -8 -12 20 -4 -106 82 50 -36 -92 10 124 116 -94 60 32
90 -26 14 -18 -56 46 50 -18 52 98 -28 -100 -24 10 8 122 -52 44 122 30 66 52 26 -26 -42 -30 -56 20 124 28 -74 16 16 4 -52 16 58 14 120 16 -36 24 124 -20 -22 -22 16 -18 -18 -116 54 2 -16 -122 58 76 92 -108 108 -86
-126 -42 84 -26 20 -122 88 -12 22 116 6 -70 -40 24 36 122 26 44 112 -16 32 -16 -36 74 -68 -22 -30 8 98 -14 -14 96 14 32 -60 -32 26 72 120 -80 -44 -48 118 32 6 0 6 38 8 -120 4 -88 -46 42 60 122 -32 -100 -126 -80
98 -50 74 -2 74 -24 34 -56 2 28 10 -8 -28 14 18 88 66 22 106 -14 58 10 -12 94 -74 -8 -54 14 -108 -10 42 -20 122 10 -22 -2 -32 42 122 -88 -46 -12 -114 60 2 14 12 -14 6 -110 -10 -64 8 38 -14 76 -88 -82 -14 -16
24 -44 28 -38 36 46 4 -32 -8 -40 8 -14 -46 26 68 72 88 56 126 18 60 -96 -70 44 122 -24 10 42 20 -54 32 12 50 -32 -4 -2 -24 -20 122 -40 -66 -76 60 78 18 26 14 -16 12 -52 -54 -76 2 -6 -34 40 -122 -74 62 -4
-100 -48 30 -38 -32 14 32 -16 -88 -96 -20 16 -44 0 102 32 124 56 126 26 78 -22 -38 56 122 38 8 18 78 -80 40 -88 -30 -14 -4 14 -66 -18 54 -50 -34 -56 -8 56 16 -68 28 28 22 -66 -12 -24 -6 -108 -56 -6 -64 -78 -104 94
114 48 -18 -70 80 -78 26 -22 -60 -38 -46 -14 -6 10 30 32 122 70 126 58 -6 -10 -72 32 66 24 -24 40 -106 -58 42 26 82 -22 32 -32 -20 -26 14 -52 -42 -52 -120 70 40 -24 -2 -16 8 -14 -34 -66 2 112 -52 48 -80 -122 84 -48
4 44 -34 -2 60 50 86 -16 -74 40 -8 -30 -4 -10 26 6 124 66 120 42 -16 -14 -104 30 -48 36 16 56 54 -74 62 -32 112 12 10 -62 -18 -46 -4 -44 -48 -86 104 92 8 -6 24 28 0 -36 -52 -32 12 -10 -12 72 -68 -102 -52 -66
-30 52 -56 18 -38 36 26 0 -68 14 -46 -28 -2 14 16 -20 124 46 120 20 8 -16 -118 8 -32 14 2 10 -44 -44 46 -14 48 2 18 -26 -12 -46 -64 -62 -12 -86 -18 82 24 26 20 20 16 -38 -30 -6 0 20 -14 -30 -10 -100 26 -14
16 22 -82 -8 42 -18 -6 -10 -28 -20 8 -16 -12 6 18 24 126 32 122 -36 -16 28 -110 -44 -8 0 6 22 -2 -48 42 6 -74 -18 80 18 -14 18 30 -40 6 -14 -20 48 30 -10 -14 18 -10 6 -32 72 4 56 -24 -10 -44 -60 24 -46
-18 64 -62 -40 -82 -14 -90 -66 -44 -50 0 -24 -16 -2 -2 50 124 2 78 -76 60 124 -102 -42 -20 0 -56 54 -14 -12 -4 -106 42 -16 96 48 0 68 -2 -44 60 -30 34 10 8 48 -6 -10 8 26 54 88 -26 -44 20 54 2 -42 -44 -14
-28 64 -12 6 18 22 -50 -92 -66 -66 40 -30 -82 14 64 44 116 12 56 -64 -28 64 -100 -54 -116 -8 -86 60 -24 -14 10 -66 -122 -14 74 12 -20 50 48 -8 56 30 22 -20 0 -14 30 -10 28 -6 46 70 30 20 -6 -20 -24 -24 -4 -42
-2 68 50 40 -2 -24 -40 -124 -10 -92 -60 -6 -90 12 0 20 124 0 34 -26 -18 -54 -30 -80 -60 18 -86 54 22 -46 -22 96 -52 -28 96 -6 -42 42 -12 48 52 62 -32 -36 0 12 10 -12 20 26 38 88 -36 -10 -32 66 0 -32 4 -16
20 16 64 58 -38 16 28 -122 82 -60 -38 48 -38 38 -32 6 126 20 14 18 0 -78 58 -68 -56 14 18 24 -20 -32 24 -84 -34 -22 84 -24 -46 -10 -18 54 -30 40 24 -94 -54 20 2 -56 4 34 -46 82 -8 28 -10 82 0 16 20 40
-38 68 48 32 34 -22 -10 -100 96 -40 -16 26 4 24 12 60 126 10 4 -30 -48 -84 100 -48 4 10 78 40 14 -42 36 -76 -108 30 -42 10 2 -2 16 34 -32 -60 -20 -126 0 62 -32 2 -2 44 -90 74 -20 38 -44 -54 -48 14 2 16
-6 14 8 34 -28 20 -12 -88 124 -38 -48 12 70 10 -66 86 124 26 -76 -46 -22 10 118 -26 0 34 118 8 -42 -30 54 -124 114 72 -122 34 -28 8 -22 40 -22 -74 32 -126 -60 20 -46 30 -40 28 70 106 14 6 8 -92 -62 -34 46 32
2 36 14 24 48 0 -6 48 124 -28 -34 -28 82 2 78 112 36 26 -34 -50 -58 18 74 -18 20 -38 102 62 -2 -80 70 106 -124 -2 -124 34 8 0 22 -4 12 -62 -8 -124 -32 82 0 22 22 12 74 -14 72 2 -22 64 -54 -24 -30 12
6 28 40 -6 -18 20 -28 70 98 -44 -56 36 54 -8 24 122 34 42 -42 -6 -4 42 48 -26 -52 8 44 26 4 -62 -62 -16 124 -90 -40 24 -44 -36 4 12 58 -22 8 -120 -12 2 26 -50 -18 -10 -62 -124 40 -10 -18 -34 8 -72 14 4
26 64 14 -30 16 18 -78 72 116 -56 42 32 16 -40 6 102 44 30 -26 0 -24 18 100 12 -40 2 -54 38 0 -50 -66 -14 -88 28 -30 4 -24 -74 20 0 38 0 8 -78 -14 12 -10 -32 36 -6 44 -120 -8 30 -24 -40 66 -42 20 -48
8 60 0 -60 -50 -22 -56 28 116 -76 -30 10 -70 -32 -66 82 34 8 -14 50 -18 20 82 34 -74 -10 -72 62 8 -48 -14 -70 126 14 -116 6 -12 -94 -74 -40 32 58 2 -56 -4 -38 24 38 22 16 126 -50 -36 -44 10 -84 46 2 12 -96
24 50 -20 -30 -38 -54 -6 10 126 -36 -46 34 -88 32 18 96 -20 -62 30 40 -18 -24 72 48 -48 -12 -18 36 -10 -20 16 -10 -126 -128 -24 6 44 -56 -46 -36 22 8 -22 -82 46 -12 56 126 94 34 34 12 -32 -60 60 90 62 38 -18 -118
-40 0 6 -2 -8 -24 -40 -8 122 -18 -104 34 -92 16 -58 34 -12 -16 -12 4 18 -52 82 32 -34 36 46 22 -14 -14 -28 10 94 -74 112 8 42 -48 -22 2 6 -16 -4 -30 48 -60 -28 124 4 -40 -80 -66 -36 4 46 -62 62 -14 22 -82
-46 32 -42 62 30 30 -22 -24 120 -42 44 12 -64 46 -72 54 -12 -28 26 18 -36 -66 36 46 -22 -16 42 64 -12 8 -66 -30 -104 122 -54 -36 -50 -26 38 -24 -18 -36 30 -16 62 -22 -30 122 -52 -72 -12 -36 16 58 30 66 6 -64 6 -14
-2 32 -80 6 -24 4 80 -38 108 -58 -84 26 -58 6 -38 38 12 20 46 72 10 30 -32 46 -42 22 -40 98 -14 -6 -72 -28 -100 42 -80 -46 -24 -30 38 -8 -78 -40 -10 -46 108 -10 4 -50 -28 -44 108 -42 -32 10 6 -66 -8 -70 -10 10
36 -38 -78 4 -50 -6 126 -38 74 -80 -62 20 -16 -14 -50 -4 -2 -24 36 62 28 76 -64 22 40 -28 6 62 -16 -12 -62 -10 -16 -60 52 -40 -4 -14 -18 8 -16 -34 -16 -28 86 -70 22 -120 68 -56 -14 40 -44 -28 28 90 20 -46 -4 -24
14 -108 -78 -70 0 -28 102 -42 12 -28 -68 -60 18 -44 -86 -70 12 -10 40 24 48 58 8 30 2 -20 54 8 -14 8 14 -48 42 -92 88 -30 -10 -10 52 34 -40 18 -30 6 74 -96 52 -118 -10 -74 -40 -60 -44 -16 46 -22 2 -56 -34 -4
28 -64 -74 -32 -8 -4 84 2 58 -32 -108 -38 2 0 -94 -36 -30 -42 80 70 46 -58 -22 50 6 10 2 26 -6 -12 30 -12 114 88 0 -62 -34 38 46 -6 -4 50 -24 -24 90 14 -58 -26 -30 -22 -34 -18 -110 -4 36 -8 12 -14 -22 -10
22 -74 -86 30 -34 -4 -64 -34 34 -38 -88 -34 28 80 -84 4 -84 -52 -18 56 -28 -64 -14 38 50 40 -66 76 8 12 34 46 -2 44 -34 -78 -58 58 82 -46 40 -18 -14 -2 102 98 -58 -28 0 6 -84 2 -10 -4 24 -24 26 -18 -38 34
14 -46 -68 34 10 4 108 -38 58 -20 -120 -32 48 -8 -74 -60 20 8 -20 30 74 -52 -4 36 86 30 8 70 -10 -22 -46 -4 24 2 98 -42 62 -22 66 28 34 6 22 -14 78 0 108 76 -74 -68 -30 12 24 16 20 -90 10 -10 34 94
-32 -66 -58 74 20 -12 -24 -54 82 -70 -66 -10 68 32 -56 -46 2 -40 -46 36 -88 -34 -4 26 -10 46 -6 102 -46 10 8 108 -70 -20 28 -52 -118 12 68 40 46 -14 -2 36 116 26 -28 40 20 54 -102 -74 14 -4 18 50 -28 -64 -26 62
-22 16 -68 12 4 12 62 -32 52 -60 -124 -28 38 -52 -108 -74 58 -10 4 34 8 6 -58 36 -62 28 -12 56 2 -18 2 64 112 16 -20 -68 -100 10 70 78 46 -22 -10 16 122 24 -54 2 22 32 -18 -68 62 2 0 -88 18 -14 -8 20
-12 42 -66 8 10 8 44 -26 42 -54 -10 -20 58 -28 -78 -76 48 -24 -24 8 -10 -26 -18 48 -88 -28 -22 54 -10 6 -32 -4 -42 48 6 -74 10 -6 4 70 62 -20 14 14 126 24 10 0 -62 44 -40 10 12 -12 24 -66 50 -2 28 32
4 70 -98 24 -22 4 68 -44 28 -92 50 -54 72 -60 -116 -70 6 -24 -28 40 -118 44 0 48 12 32 -54 66 4 -4 -4 92 -82 20 34 -76 -124 -8 22 98 112 30 -14 -6 124 -82 -56 -60 28 50 26 -50 42 -28 36 -88 64 -66 -40 -4
-36 -14 -78 0 38 32 126 -72 74 -32 86 -52 56 50 -74 -50 76 2 -8 -32 46 -32 18 46 -88 -98 2 66 -24 -26 12 16 80 18 -24 -100 -70 -60 88 96 40 -42 12 62 126 -6 22 30 -18 4 20 -8 80 58 10 -86 30 -26 46 10
-24 -120 -94 76 0 -22 36 -124 32 -126 48 10 120 46 -122 16 28 8 -88 -2 -106 -50 74 120 -108 -124 -22 6 12 -20 22 64 -124 16 -6 -34 -124 -68 104 126 116 60 -20 72 126 -106 -110 -62 92 -80 -52 -120 124 -48 48 -126 -8 -60 -16 48
122 60 4 6 28 46 -112 2 -40 78 -16 -38 -34 -6 24 30 24 -20 108 -6 104 14 -30 12 8 -16 44 -4 46 16 4 66 4 -20 0 -70 -8 16 84 -6 -78 28 66 8 28 82 14 8 -20 16 4 18 40 94 26 -100 -30 110 56 -14
86 -48 -40 -28 -66 -60 110 -8 -46 -56 -36 22 8 12 -40 -22 -22 -18 0 34 -58 58 10 -32 -24 -10 -32 -28 38 14 -6 -52 -92 -20 26 58 4 2 80 -28 14 8 -126 -44 -2 46 -14 -34 20 -50 120 -8 -48 -46 4 -18 26 -78 -90 70
-126 -36 -54 -38 -6 54 24 -32 -68 64 -2 8 52 -12 -8 88 -58 -68 52 -16 -48 46 32 58 20 10 0 -6 -124 18 0 -8 -90 6 -34 16 86 20 122 -82 -46 16 -56 26 -28 36 -28 -10 -56 -38 16 -34 54 -126 16 -56 0 14 124 -56
-10 58 -42 -38 -66 -126 8 -48 -2 44 -76 30 -36 2 -106 108 -60 24 102 36 -90 -20 -6 98 64 -22 -48 38 126 14 52 -38 -120 -30 34 80 42 -88 28 34 -76 78 126 -32 -40 68 -2 -34 32 -112 -36 -4 -42 124 -48 72 48 -56 30 6
126 78 -66 -38 12 74 24 -66 16 6 -38 -30 -22 -14 -78 116 -50 44 74 38 -54 -4 34 -2 80 22 -26 -2 -116 4 6 -56 80 -24 0 76 -12 -104 62 74 -48 -14 -126 -16 -32 60 0 -34 -2 -68 10 6 -52 66 -48 62 66 -80 -126 0
-128 66 18 0 -44 -60 92 -62 2 12 -40 8 -16 -28 -66 68 -30 18 42 -14 -84 -30 6 66 12 2 -6 14 -124 12 -26 -34 58 2 32 10 -42 -14 122 46 -34 -4 -98 -40 22 2 -6 -14 14 -98 -64 10 20 -58 -58 50 86 -54 10 62
118 42 -44 0 -44 46 56 -58 16 4 -68 -52 -16 -18 -48 102 -22 10 52 30 -62 -10 -4 -42 -20 26 -28 18 18 8 -26 -66 54 -34 40 28 -28 -58 120 72 -36 -20 124 8 6 -20 2 -12 -16 -120 -44 -12 -2 -122 -32 -40 56 -68 120 54
-112 -34 46 -12 -20 -122 60 -64 56 76 -14 -14 -12 -16 -6 112 -2 -4 58 -10 -28 16 -28 42 -72 20 -14 -12 54 20 -20 -18 10 -22 -12 14 -16 14 116 86 -38 60 -36 -18 -10 -8 -16 -36 2 -122 20 -32 -2 122 -12 -84 -52 -72 -122 -24
-10 -40 32 26 -32 64 16 -6 10 40 10 -12 18 -12 16 4 56 -18 44 -20 -24 22 2 56 -106 -6 -8 30 -56 -28 18 -68 82 10 22 -22 -42 36 122 26 -4 46 -90 28 4 46 4 -28 -16 -124 -30 -36 -4 16 -22 -100 -82 -40 -120 36
76 -10 20 -18 -22 8 20 20 -14 -52 -12 -20 -12 4 62 -4 102 -14 116 8 -10 12 -26 8 -106 -30 -20 -6 -56 -58 52 8 0 14 8 8 -34 -4 98 28 -2 36 122 30 16 -8 -14 -10 2 -126 2 4 -16 -52 6 -52 -108 -60 118 -16
-94 -6 34 -26 -4 -10 34 -8 -14 -74 2 0 22 -10 50 -28 64 32 108 2 -2 8 -14 42 44 0 20 34 82 -64 58 -60 -56 22 8 0 -28 -6 86 -8 8 6 -96 34 18 -2 14 -30 -14 -108 -50 -30 -16 10 -26 72 -60 -44 -68 60
42 -24 -12 6 10 -38 48 4 -54 -26 20 10 36 14 42 -26 74 10 124 12 -24 16 -20 18 90 14 4 -12 -26 -38 26 -22 28 0 -4 -24 -24 -32 98 0 -8 -2 12 66 4 -60 12 10 -2 -62 -8 -20 -32 8 10 -102 -38 -60 10 30
16 -46 -72 0 -46 48 48 38 -40 -18 -18 -10 52 14 -20 -18 110 10 90 44 -18 66 -20 -2 64 6 2 -2 6 -60 20 -60 40 6 -12 -12 -24 -44 82 16 -20 -24 90 88 6 -36 18 -16 0 -78 -44 -16 -20 -70 16 -94 -28 -56 36 14
-40 -40 -50 -14 2 -24 24 16 6 4 44 2 38 20 14 -36 122 -22 60 30 -18 52 -42 -28 70 14 4 18 64 -62 14 -36 94 14 -18 -16 -24 -32 68 -26 -6 -10 -82 98 4 4 -8 26 -14 -92 -32 6 -4 2 4 -86 0 -34 -14 -14
10 -18 -14 -18 0 -4 -34 -12 -28 -30 38 -4 12 6 -24 -2 122 -32 62 -18 12 54 -82 -6 50 -6 4 -2 16 -16 6 -34 28 -2 -22 28 -2 40 94 -42 40 34 36 82 4 -16 -2 -30 -20 -88 2 38 0 -46 -32 -82 -8 2 -34 42
18 -42 4 -18 -2 6 -40 -56 -62 -68 72 -44 -42 -16 -8 0 98 0 64 -84 -16 110 -54 -6 30 16 -14 -2 4 2 -10 -80 114 16 -2 32 -18 66 64 -14 58 88 -10 34 26 -84 -12 16 -8 -52 -30 20 -12 -12 -28 -120 -4 16 28 22
-16 -22 36 -6 -14 26 54 -42 -44 -32 68 -2 -58 0 0 -12 90 -22 38 -60 10 -48 -36 -12 16 -16 -2 16 22 -2 -4 -86 -68 -22 16 -14 2 44 84 44 -16 126 -16 -2 56 -82 34 -40 -4 -96 -44 8 2 -4 -40 -76 6 30 16 -12
30 -10 60 -60 16 -32 94 -78 78 -26 42 32 -54 -8 -22 -60 88 -42 8 6 -16 -56 -16 -18 6 16 -18 46 24 0 16 -20 124 44 -4 -16 2 -16 96 54 -58 92 -6 -36 46 -64 -2 -40 -24 -60 -6 32 38 -8 -20 -100 -12 60 36 -4
32 -14 40 122 -16 18 86 -102 98 -4 60 -2 -26 -8 -2 -38 122 -40 6 -6 -6 62 56 -48 -36 4 -72 36 8 8 -6 -98 88 14 -6 -4 -18 8 94 16 -60 50 -6 -28 8 -32 38 -10 -14 -46 30 46 18 -22 18 -94 -30 52 4 -8
8 -2 38 126 -10 -24 -6 -96 88 0 14 -14 42 -20 -14 -14 82 -44 14 -8 -4 24 102 -34 74 -6 -60 28 14 36 -2 -74 -46 30 -56 2 38 26 70 -62 -10 -30 -8 -88 -10 -48 -2 4 -30 -50 54 50 28 -32 48 -122 -60 36 -26 -30
30 26 22 22 -14 6 -16 -72 102 -18 -22 -22 66 -18 22 14 34 -44 6 10 52 -28 102 -32 36 -24 126 30 4 18 0 -124 118 -36 -82 -6 14 34 78 -84 14 -94 -32 -126 -66 -66 8 -26 -16 -66 118 18 54 -26 -8 -98 -14 10 -42 18
6 26 30 -30 16 8 14 -6 88 28 24 -38 36 -28 24 26 18 -46 2 4 64 -60 48 -14 14 8 106 -20 -18 -16 -14 18 -122 -4 46 -32 -6 40 60 -32 -10 -38 28 -124 -24 -82 -24 20 -14 -80 114 -46 66 8 -42 -96 -32 2 8 18
22 -28 14 -60 4 -26 36 24 82 2 -38 -22 -22 -6 2 18 -10 -26 -10 -6 70 -54 38 -4 -20 -8 -28 0 18 18 -8 -82 124 36 82 -30 -46 10 58 -4 -16 -16 -2 -60 -14 60 32 -26 -52 -66 20 -124 36 12 -40 -98 -6 -28 10 4
-16 18 32 -54 -14 4 -18 -10 68 30 72 -24 -28 -16 58 38 -12 -60 18 2 44 -12 32 -24 -16 4 -56 16 16 2 -22 -68 46 78 -110 -50 -18 -10 74 -34 -18 12 18 -42 4 64 -18 -6 -20 -62 74 -72 60 -18 6 -92 40 8 14 4
0 28 28 -38 18 16 0 42 100 44 16 -36 -64 20 -12 58 -56 -68 24 -32 34 -22 -8 -12 10 30 4 40 8 64 -8 -76 126 -32 -124 -38 -48 -34 80 -26 -10 -16 -14 6 26 66 4 -32 -10 -20 22 -30 20 14 -34 -106 36 28 -8 -54
10 66 36 -12 -4 14 10 36 122 32 -12 -16 -62 8 42 52 -86 -66 14 -50 -8 10 -8 14 18 18 -4 60 24 38 18 -46 -76 -128 74 -18 -26 -18 72 -56 24 8 4 -18 30 48 78 122 34 -50 -122 4 70 -8 -14 -84 16 14 -30 2
4 60 12 -8 -24 -12 -42 28 126 30 -30 -48 -36 -20 42 26 -56 -56 18 -46 -10 32 -10 10 74 6 -10 28 42 22 -8 -64 84 34 126 -6 -42 28 82 -24 8 -20 -8 22 30 98 30 44 -40 -20 -114 44 -102 -34 -50 -112 2 18 -54 44
4 -32 44 -16 -22 -10 -10 40 126 20 98 -42 -20 0 66 0 -46 -92 30 -64 56 -4 -56 18 72 -4 2 72 6 16 6 -92 60 124 -36 -18 -62 16 64 -60 -14 -30 -10 32 62 96 52 -12 -36 12 -30 46 -84 -42 -22 -90 6 18 -4 32
-2 0 36 2 14 -8 24 42 98 -12 -46 -54 -48 12 90 -54 -52 -60 28 -32 -20 -6 -82 -8 -50 30 -10 40 24 10 42 -80 54 -110 -110 -8 -58 18 82 -88 -12 -8 4 20 100 108 100 -52 -30 -8 72 70 6 24 -16 -126 -58 2 24 26
2 -14 32 -10 18 16 88 28 50 26 -42 -22 -46 2 82 -42 -54 -72 64 -28 -56 50 -70 -8 -18 46 38 8 24 6 34 -74 70 -74 56 -38 -60 34 68 -74 14 -20 4 8 60 100 -22 -30 -4 34 -42 100 -44 22 -38 -44 -16 60 14 -6
-6 -40 30 -42 12 -2 52 -18 0 48 12 2 -26 -40 100 -4 -36 -64 18 -14 -8 -22 -48 -20 78 28 66 42 32 18 -28 -14 -52 -24 38 -24 -42 12 94 -38 -4 2 -10 16 46 60 -40 50 -20 -20 14 4 -124 -2 2 -70 8 48 22 -22
-6 -36 40 0 -42 2 56 58 2 58 -56 4 -18 -46 56 8 -84 -76 38 -16 -4 40 -26 -26 68 18 52 -12 32 42 20 14 74 62 -70 -36 -102 56 22 -20 2 -6 8 14 40 72 -124 86 -34 18 4 32 -124 -8 -74 -78 4 80 -14 28
-16 -60 76 38 10 -18 -52 46 -42 60 -22 12 -6 46 80 2 -98 -82 22 -46 -36 0 12 -54 -12 28 2 28 -24 40 0 70 56 -28 -56 -60 -118 42 26 -44 42 -36 30 4 40 92 -82 -34 -28 -12 54 66 -58 2 -58 -50 18 78 20 -44
16 -32 68 -28 4 14 66 54 -44 88 36 22 -28 -4 98 8 -16 -70 20 -34 16 32 4 -36 -16 52 -14 -38 34 36 14 -58 32 -12 92 -26 -70 56 62 -22 -30 -46 -10 -18 10 -42 10 -34 -66 -40 40 52 -40 6 -36 -50 20 90 4 24
22 -78 78 -62 -44 -10 -72 64 -34 52 80 4 -42 2 102 -24 -22 -96 16 -16 -48 -22 30 -66 50 -14 -10 0 40 14 16 14 -120 56 14 -72 -100 56 -14 -92 12 -32 -6 -28 38 0 -26 -30 70 -66 2 26 -10 6 -26 -18 -30 98 22 -16
20 -58 86 -68 22 -8 -34 68 -56 86 8 6 -40 -54 92 -26 -38 -66 30 8 -34 70 28 -56 32 -24 56 -28 -34 22 18 -16 16 -20 -28 -92 -104 54 -48 -74 -16 -10 -4 -44 42 -20 -62 -22 86 -76 76 70 24 24 -48 -54 -2 90 34 -54
36 -68 74 -34 26 -10 34 70 -70 82 110 2 -38 -50 112 -46 -58 -58 32 4 20 34 58 -66 26 -54 48 -36 36 26 42 -10 66 -16 4 -76 -88 38 72 -70 -14 28 -22 -46 74 20 24 4 2 -66 68 36 60 36 -26 -34 -2 84 30 -48
26 -92 104 -22 22 -16 2 38 -54 86 90 -4 -12 -80 -42 -50 -68 -86 26 18 -66 62 46 -78 52 86 68 26 0 26 -28 68 40 -4 -68 -78 -124 54 -68 -64 22 6 -6 -82 64 74 10 -32 -58 -82 74 50 16 0 -56 -52 -20 78 38 -78
24 -96 86 -34 34 26 100 52 -26 96 100 -2 -52 46 110 0 -6 -70 46 0 58 22 38 -76 -30 -24 62 -50 10 10 2 -2 66 -36 -36 -76 -72 28 22 -28 -68 -6 30 -50 72 24 54 -8 -72 28 86 106 46 20 -30 -42 -18 66 26 -62
32 -120 110 -38 50 -30 -8 -8 -62 70 68 50 44 -22 -10 -10 -64 -80 -12 -14 -84 64 46 -56 86 -76 12 -42 12 48 0 80 -92 -26 -32 -38 -122 58 -22 58 2 -38 -16 -26 124 24 -42 -38 -46 -76 68 68 118 -16 -84 -28 -36 54 24 -94
74 -18 -46 30 88 82 -50 26 -28 88 48 -56 -16 6 -6 46 54 -22 94 -18 84 -8 -16 2 -42 -26 22 -40 20 -12 -4 42 36 10 28 -60 -34 2 -18 -4 -60 24 68 -20 18 -48 10 -4 -16 22 -36 -22 50 94 -18 -48 -24 74 2 -12
62 64 -6 -48 18 -28 72 -60 2 -72 -14 14 -34 -14 -44 -88 8 32 18 44 -78 18 14 -10 -72 -2 -40 -4 32 -22 -10 -52 110 -30 -28 60 -4 -68 -60 44 36 8 -128 -54 -2 -78 4 -30 4 -30 100 -52 -12 -66 24 -64 20 -72 -54 12
-126 74 54 -6 58 4 -66 -54 30 50 40 10 -74 -2 8 0 44 40 -8 6 -90 -26 -32 -8 -54 24 32 -2 -126 -4 -2 74 96 -6 -50 -40 -44 26 34 -4 18 -24 6 4 54 -20 -26 2 -4 0 -26 30 -28 -126 0 -106 -56 -54 60 -68
-120 -120 -20 58 -16 -126 52 90 -46 52 22 52 -48 -18 70 20 106 8 -26 -104 -90 10 16 36 -8 -16 24 -28 126 -12 -34 80 124 18 -44 -106 -8 58 12 -70 -94 -68 126 122 92 56 4 26 -26 -86 46 40 14 126 84 20 52 -8 124 -22
126 -102 -62 50 -90 120 70 76 -10 52 -36 10 42 -10 52 42 70 -66 12 -72 -6 -46 54 -70 -44 -8 38 -20 110 -30 -54 92 124 8 -38 -46 -8 62 84 -58 -58 -68 -126 124 60 92 -6 8 -18 -16 -12 36 10 90 102 -80 92 -16 -124 -62
-126 -52 28 18 114 20 52 18 6 102 -46 44 34 -4 40 14 56 -46 2 -66 66 -38 22 84 -44 -4 22 8 -122 12 -64 -16 66 20 -42 -54 -14 76 86 -120 -42 -30 -106 92 38 46 -18 -18 20 -42 84 -48 40 -124 82 -52 112 16 -96 -12
76 -36 -10 0 32 0 76 -8 38 68 -16 12 24 -4 22 46 34 -56 58 6 94 8 8 -16 -22 -4 10 -2 12 14 -56 -50 92 4 -46 -8 -8 -12 76 -52 -46 -10 126 50 8 2 -12 -12 -24 -66 48 -34 2 -118 72 84 54 26 124 32
-64 -8 -24 42 -8 -124 80 -12 28 124 -48 -44 18 12 12 70 24 -66 46 -38 2 20 -14 -6 -38 10 -6 22 104 -2 -92 -16 -62 4 -46 2 -42 -14 82 -54 6 -24 -124 8 14 26 10 -34 24 -66 -30 10 -12 126 72 64 -74 -6 -32 46
-46 36 58 6 -66 124 -24 -8 54 104 -18 38 48 8 32 22 70 -58 30 -12 48 20 -56 68 -98 0 -34 -2 -68 -24 -20 -64 -10 10 -20 -40 -16 12 16 -38 -4 18 -24 -10 -10 -24 6 32 6 -54 20 -30 -34 -26 40 80 -98 44 -126 -2
122 70 22 48 10 56 -20 70 42 52 4 28 42 -4 22 32 64 -44 80 40 44 -4 -66 38 -124 -12 -18 -12 -84 -92 76 72 -110 -14 2 -12 -28 -28 14 34 4 40 124 0 -16 64 -46 -24 -8 -20 0 -36 4 -30 -66 78 -102 -32 114 -126
-118 86 4 24 46 -74 2 92 10 -44 10 30 6 -8 2 -30 72 -38 72 54 22 -58 -54 68 -118 -26 -30 12 78 -102 116 12 -36 -28 54 -28 -40 -26 18 26 -8 38 -124 4 -6 -50 -14 44 10 0 -32 12 18 54 -78 82 -62 -22 -42 30
12 38 -28 -30 -2 16 52 64 4 -14 -60 42 56 2 -6 -2 80 -18 72 66 -70 4 -66 34 6 -24 24 -2 -22 -102 118 20 -32 -16 24 -66 -14 -24 36 -4 -22 44 98 66 6 -88 -30 36 4 46 -10 24 32 -10 -56 44 -44 -34 -6 36
42 12 -94 10 -28 28 72 46 10 16 -8 34 72 -6 14 10 112 -22 42 42 -88 74 -84 -24 76 -14 8 -26 -40 -94 82 -18 26 -16 24 -62 -22 -42 40 -8 -38 24 36 74 -18 -120 -16 50 6 2 30 -14 18 -8 -8 96 12 -42 32 32
-52 26 -118 -10 16 -46 -14 46 32 32 4 8 62 22 -4 44 104 -52 36 -12 -62 122 -92 -42 114 -2 54 -26 -2 -74 42 2 94 18 -4 2 -12 2 26 -10 44 -22 -82 90 -14 -116 -6 14 36 62 12 26 34 40 4 106 20 -28 4 -2
14 48 -44 -36 18 20 -92 12 30 -30 30 -28 -18 2 -6 40 122 -38 54 -86 -38 110 -128 -26 98 30 -6 -16 -2 -56 42 8 82 -2 28 54 -20 66 10 -22 94 62 56 92 4 -120 -12 8 0 20 4 34 52 -16 -24 94 2 24 -18 -60
6 82 28 -68 2 12 -60 30 42 -38 -6 -18 -74 -4 -20 18 94 -14 62 -92 8 -92 -126 8 72 16 20 -20 -52 -34 56 -62 90 8 38 26 34 102 -14 62 54 126 -10 54 18 -96 -4 28 18 28 -12 94 4 14 -52 62 2 36 -12 -10
-22 86 82 -96 24 -6 68 36 90 -42 -12 52 -116 -6 -38 -42 108 -42 0 -2 -20 -116 -126 -8 -20 -8 6 -18 -38 -38 50 -34 72 0 4 -24 66 32 4 78 -48 126 -20 52 52 -124 -2 68 8 12 -62 68 72 0 -32 112 2 36 -40 56
-4 70 54 84 10 4 52 -88 124 2 -22 66 -46 -22 0 -54 98 -34 0 52 -92 -84 12 -70 -36 16 -76 -40 2 -58 6 72 126 2 -16 -32 54 -60 6 42 -92 122 -2 12 14 -120 -10 84 4 12 -92 54 -12 2 16 16 4 50 34 62
-12 66 42 126 -4 -14 6 -98 98 -12 -74 66 14 -32 34 -2 82 -60 8 62 10 -52 108 -58 62 0 -82 -32 4 -36 28 -26 104 -14 -42 6 42 -50 24 -22 -42 -60 14 -44 -34 -120 4 40 16 -36 -84 106 -18 -10 22 58 2 50 -8 52
-8 66 32 126 12 0 -86 -92 100 -18 50 32 62 -34 -14 40 56 -52 30 42 6 -2 124 -18 70 -44 10 -26 -12 -30 6 26 86 -26 -106 -24 68 10 6 -100 28 -78 14 -102 -10 -126 28 24 -4 -34 -30 120 -38 -14 -32 -4 -44 32 -18 -34
-24 84 4 60 12 12 -38 -42 92 -64 24 -6 74 -20 -16 4 50 -86 -8 0 -8 -22 122 10 70 -4 126 -10 -16 -52 20 -120 126 -76 50 -8 70 20 -14 -82 18 -78 20 -126 -38 -126 -16 4 16 -50 80 96 -20 36 -2 48 -4 -36 40 -2
-18 88 -38 -84 0 26 -30 30 84 -46 34 -24 2 -24 -16 4 62 -72 10 10 30 -10 106 36 -4 -10 126 -40 18 -76 20 96 50 -52 124 -42 40 6 -42 -68 -22 -60 14 -124 -22 -126 -30 0 24 -14 114 -6 -8 12 6 66 -54 -20 -10 4
-8 64 -26 -70 4 14 -58 56 82 -62 -6 30 -10 -10 26 14 44 -80 -12 -4 12 -50 112 20 -88 8 16 -30 -10 -56 8 16 126 114 126 -30 0 -62 -56 -18 -34 -6 -14 -2 8 -62 -56 -70 48 -20 58 -120 0 22 2 68 4 -28 -26 46
8 70 -40 -44 20 4 -104 80 98 -22 -4 40 -58 -16 24 60 34 -78 -22 32 -4 -6 102 30 -42 8 -58 -46 -30 -50 10 34 58 102 -122 -48 -6 -84 -32 -14 -32 10 4 52 -8 -32 -112 -86 64 38 98 -124 30 30 -8 92 18 -4 8 -6
2 54 -48 -10 0 10 -94 64 72 12 12 38 -76 10 8 90 0 -78 -16 64 -46 10 52 4 -16 6 -40 -34 -18 -10 32 -4 80 -126 -122 -62 -16 -72 -26 -40 -32 42 -14 52 2 54 -70 -114 68 -50 -52 -124 66 14 52 82 2 50 4 60
6 34 -44 2 -40 -10 -104 78 104 -2 80 56 -70 20 -20 84 -40 -92 16 32 -22 -42 56 18 18 -8 -12 -42 -32 14 46 70 14 -128 126 -68 -8 4 -38 -24 2 -30 8 60 12 60 48 -66 40 -30 -126 -110 -4 18 30 102 -46 54 -6 98
-10 36 -12 24 20 6 -74 60 126 -36 80 62 -44 8 30 44 8 -56 -14 -2 36 -64 58 -20 46 -50 38 -72 -54 6 54 102 92 122 126 -62 -20 -22 -34 -32 22 -40 14 20 10 64 80 -104 -18 14 -90 -76 -122 -2 30 94 -12 28 22 104
6 -48 -30 26 4 -2 -88 76 124 -62 100 58 -58 -30 -36 40 42 -108 -26 16 -16 -52 52 -36 -48 -90 0 -70 -36 -12 22 96 96 122 -80 -68 -68 40 -66 -20 60 -14 14 20 34 90 126 -96 -56 30 54 -50 -112 46 12 124 -66 2 22 64
28 -28 -26 -26 38 20 -64 48 76 -38 46 80 -16 -74 -24 42 60 -90 -38 50 46 46 30 -8 -92 -54 28 -78 -54 -20 10 74 116 -128 -122 -74 -60 68 -76 -50 8 16 4 -4 44 86 126 30 -20 68 68 -10 96 12 -2 126 -66 0 -4 52
-12 90 -36 -32 -10 16 -18 34 52 -28 84 64 -14 -48 8 -2 50 -80 -74 56 58 -64 -24 -38 -62 20 18 -82 -40 -64 60 72 94 -114 78 -58 -34 36 -70 -16 10 50 -6 20 54 -46 74 122 26 76 -58 76 -124 6 34 98 -38 2 -16 42
-38 70 -20 2 -14 -12 4 2 72 -16 86 44 -2 -86 14 46 10 -88 -90 28 16 -8 -18 -16 6 -70 -18 -56 -54 -42 64 26 22 46 94 -74 18 38 -74 38 -16 42 6 16 42 -62 -76 124 14 24 -52 10 -126 -26 2 104 -10 -22 -6 76
-38 76 -28 76 4 -4 -58 -20 30 -12 78 66 22 10 50 54 4 -92 -36 40 36 -36 -38 -38 -20 -82 -46 -80 -24 -26 -24 56 70 74 -62 -66 -10 4 -86 -2 14 50 10 4 32 -42 -124 124 -34 4 64 -30 -126 -6 26 92 -40 -18 30 50
0 74 -16 90 4 -2 -92 -36 16 -6 82 34 42 126 -28 56 32 -110 -56 58 54 -52 -28 -38 -84 -42 4 -84 16 -26 -56 104 16 -94 40 -34 -6 -6 -76 -14 -38 64 -18 -2 22 -10 -120 70 4 -44 -20 -16 122 8 16 98 -44 -44 -26 42
-4 100 -30 22 36 10 54 8 18 -36 58 22 8 126 2 22 78 -78 -42 10 80 -22 -36 -46 -72 -34 -12 -122 -48 -54 -34 -50 40 22 102 -32 46 -64 -96 62 -6 30 -2 14 38 -86 28 -56 -16 16 -66 -32 32 50 62 104 4 -28 -30 26
-2 92 -4 26 56 12 -120 30 22 -60 100 32 32 110 -34 38 38 -100 -44 18 54 -54 -18 -60 -24 -106 -56 -114 -38 -52 -44 62 40 64 76 -62 -48 -64 -100 36 4 30 6 50 36 -72 26 -46 126 -38 -42 8 -74 0 56 54 -24 -16 -32 44
-44 62 -58 48 14 -8 -92 18 -58 -60 60 36 12 -74 -66 60 70 -76 -38 38 30 4 -30 -62 36 -72 -32 -112 10 -56 -36 -6 78 -32 28 -50 -34 -72 -98 34 4 46 -14 72 62 -94 -2 -40 126 16 36 -54 94 0 50 -16 38 -12 -28 32
-16 58 -64 54 16 30 -34 8 -52 -8 96 40 36 -124 28 72 60 -72 -40 32 70 -64 -16 -44 -68 -6 -12 -90 -26 -44 -54 28 80 0 46 -48 4 -62 -96 34 -22 60 16 40 46 -88 66 2 106 -16 -50 -36 126 14 56 74 -2 -20 -54 44
-6 62 -48 92 36 12 -74 -42 -82 -40 76 28 66 -124 -70 74 20 -96 -42 26 40 -38 -14 -64 -66 124 -44 -76 18 -64 -84 52 110 10 42 -30 -106 -76 -120 40 -42 22 -4 40 64 -48 48 16 76 -68 -80 -54 98 -4 68 -70 -4 -52 -62 60
-30 60 -54 14 42 20 46 -10 -26 -20 92 6 22 10 66 48 76 -80 34 16 86 -32 -52 -42 -86 86 -40 -126 -32 -48 -70 -8 76 10 8 -26 -22 -84 -88 42 -40 60 24 22 46 -36 98 46 -56 52 -44 20 -4 26 78 32 -38 -18 -4 26
-34 78 26 62 10 38 -66 -60 -64 -58 72 -2 72 94 -48 76 42 -90 -52 -2 26 -66 -76 -36 -28 82 -98 -122 36 -8 -112 50 94 -28 70 32 -122 -98 -74 68 -6 24 6 86 110 -28 38 86 -42 -74 -66 -86 78 -2 84 -108 -30 -40 -40 24
12 0 -12 4 72 42 -62 -16 -8 62 22 -34 0 -2 -50 16 30 -16 50 -22 116 0 -4 -34 4 -16 50 -54 8 -40 12 32 -84 22 -2 -74 36 -24 -34 -8 -46 18 38 14 -12 -26 26 2 -6 64 0 14 48 64 -2 -20 -8 48 60 -16
102 -32 -44 64 -86 0 24 70 -4 -12 -76 70 42 16 22 -38 -54 -34 52 24 -2 42 10 -6 12 -26 -40 2 52 -30 -12 -84 -10 -10 2 80 -52 -8 24 38 38 -40 -128 -44 8 56 0 -20 22 58 -2 40 -12 -72 -28 76 48 -38 -82 66
-126 -76 48 6 -22 22 -78 18 26 116 -24 96 96 22 -84 52 -24 -74 116 -50 88 -56 20 94 100 22 16 -34 -126 0 6 -12 -76 8 2 4 26 66 68 2 -54 -26 124 54 -10 92 24 24 8 72 -74 6 2 -126 -18 96 4 74 -4 -58
-128 84 74 -76 -124 -124 8 -16 52 122 -62 92 98 10 -58 -64 -26 46 118 46 116 -52 0 18 98 -18 -66 50 126 -6 88 -98 -106 -70 14 36 -58 86 -42 56 22 36 126 -76 -66 74 -10 -42 -4 12 -72 -62 -14 126 -28 92 64 -42 126 -50
126 104 16 -76 -20 124 -2 -36 14 90 -124 -2 40 16 -4 -56 -80 40 122 102 100 -32 20 -118 48 48 -50 6 126 20 48 -52 -128 -48 54 114 -44 16 58 106 108 14 -126 -42 -42 -8 -10 -50 -36 30 -94 -90 -50 98 -76 68 104 -126 -124 -108
-122 60 74 -10 126 94 -10 -42 30 98 -90 0 -2 -10 -20 -78 -28 50 96 -26 30 -8 10 26 56 2 -20 0 -124 -6 -8 -34 -120 8 84 30 -44 66 48 64 56 32 96 -106 14 -4 4 2 -6 62 -44 -54 -18 -126 -44 84 120 -66 -124 12
82 56 32 -16 120 -124 36 -36 12 48 -92 -46 50 6 48 -66 -4 10 104 20 90 -2 20 -88 0 12 -54 -60 -68 12 -30 -96 -8 -8 46 52 -18 30 20 42 60 8 126 -22 -12 -58 18 -28 -36 -60 -58 -66 -8 18 52 90 92 -72 126 124
2 30 38 2 -126 -122 32 -38 -28 104 -50 -70 54 -20 86 -32 -2 -24 92 -14 32 50 0 -100 -16 -10 2 -48 106 34 -104 -122 -52 28 -72 4 42 22 -18 -26 28 -12 -126 44 -4 -26 -8 14 -36 -104 10 -44 46 126 122 10 -60 -72 92 126
-104 -2 86 8 -114 126 -36 -42 -10 108 14 -38 12 -2 80 -12 16 -26 72 -58 18 96 -68 24 -80 -4 42 -68 58 -28 -116 -126 -66 22 -78 34 30 40 2 -44 20 -22 86 46 -20 -46 16 6 -16 -60 -10 -36 36 -126 124 92 -118 -22 -124 24
122 24 -10 22 126 16 -56 -40 36 82 -12 -44 6 -18 34 -8 66 -30 60 36 -44 96 -108 -26 -124 -52 56 -34 -120 -98 -42 -72 -74 36 -32 66 48 -38 8 -6 12 -40 46 62 -4 -60 -14 -10 -8 -36 0 12 22 -74 28 46 -100 -86 118 -126
-94 58 -10 32 70 -122 -60 -22 38 48 12 -14 -10 -20 16 -14 10 -34 40 54 62 64 -104 50 -128 -20 62 32 74 -118 74 -14 86 -6 -4 36 -18 -24 80 -12 22 6 -124 74 10 -124 -14 0 -10 -36 38 10 16 110 -76 -58 -50 -34 -8 -48
-8 70 -30 6 -98 118 -52 -30 6 44 -6 0 30 -18 36 22 36 -38 60 44 80 8 -84 44 -84 2 30 -36 28 -120 72 -70 104 -12 8 14 2 -10 76 -20 -10 18 122 88 -16 -116 -2 16 -30 -12 -22 -4 -14 -72 -78 60 -44 -24 -58 20
74 40 -76 -2 -28 24 -6 -34 32 52 -6 -16 30 2 -2 20 62 -36 18 46 48 108 -84 -24 22 -10 6 -2 -46 -120 56 -66 72 -16 -20 8 32 14 82 10 -26 -28 -14 84 -14 -124 12 4 -34 -32 14 40 -38 -6 6 86 -38 -28 58 8
-28 -10 -94 -4 54 -54 -54 -10 -22 28 30 -24 42 -12 -6 36 56 -52 12 -52 -44 126 -90 -62 116 2 -38 -64 20 -122 30 -18 92 2 -6 12 40 54 56 0 12 -86 -76 64 -48 -122 8 16 -8 -52 28 18 -8 68 26 102 -16 -52 8 22
0 -12 -40 -44 -48 18 -120 -30 26 38 -4 -54 -30 2 0 -4 72 -18 18 -118 -48 124 -128 -64 108 34 10 -60 16 -72 2 -38 122 10 8 78 6 66 72 38 84 -54 28 68 4 -124 6 -24 8 2 -22 60 22 -70 34 112 4 -20 -24 -28
54 -10 20 -88 -28 -60 -52 -50 86 14 -2 -56 -102 0 46 -62 80 16 62 -86 -32 -118 -124 -62 6 22 -38 -54 34 -52 8 -60 122 2 20 82 -10 36 72 80 70 126 -34 56 32 -124 10 -6 2 6 -32 70 28 28 28 100 0 2 70 -46
-46 6 64 -94 -46 2 18 -74 92 40 -54 4 -118 28 4 -68 94 42 50 -10 -64 -120 56 -30 6 36 -16 -62 12 -68 34 -62 126 24 12 46 74 0 94 88 -34 126 -36 84 44 -124 34 54 -12 18 -20 100 12 -62 20 120 -38 68 -46 -42
2 38 60 126 16 -18 -76 -122 102 34 -64 22 -38 28 -20 -34 70 -42 26 68 -74 -44 124 -64 8 -2 -128 -94 28 -74 -4 24 124 0 -42 32 78 -42 30 28 -74 90 14 46 -16 -124 -4 42 -12 -16 40 70 -42 16 -16 58 -2 68 8 6
50 12 48 126 -42 -30 -50 -116 64 46 -52 28 44 52 -14 -8 52 -56 42 88 -54 4 122 -66 24 40 -128 -94 -18 -72 -34 -2 124 -32 -124 12 90 -22 38 -40 10 -120 -24 -24 -46 -126 30 -10 -20 -60 -32 90 -52 -32 -32 104 44 16 -6 -16
10 60 -8 126 -16 -16 -54 -68 12 40 46 -62 52 40 -4 -42 36 -32 42 12 -70 -32 126 -18 70 -18 122 -84 30 -60 -34 98 50 -64 -126 6 100 16 42 -50 56 -86 -38 -108 -34 -126 46 -4 18 -54 -28 114 -52 38 -58 54 60 -60 -30 -78
2 26 -38 14 -14 -10 20 58 46 -20 -80 -76 26 52 -28 -54 48 -38 62 -34 42 8 124 70 58 -14 126 -90 0 -62 -66 -76 84 -80 16 48 80 -38 76 -46 72 40 4 -128 -22 -126 -14 22 -18 -62 4 120 -38 -48 -22 56 86 -74 -4 -94
0 36 -46 -106 -18 12 20 110 66 -24 4 -72 4 -4 -10 -34 56 -36 34 -72 -12 0 80 106 -38 6 126 -114 -18 -86 -16 112 76 0 126 48 100 -74 62 16 4 2 -16 -124 -18 -116 -40 28 -2 -54 66 86 -76 6 -6 94 48 -30 -10 -82
-16 -20 -40 -64 -12 -24 34 96 84 -40 28 -50 -56 -14 16 -22 68 -56 18 -64 -70 60 80 68 -86 22 74 -94 12 -2 -32 16 108 122 126 66 90 -112 70 40 10 12 -6 -20 -16 58 -72 -18 34 -32 96 4 -40 -30 16 54 32 -26 -4 -74
-20 -38 -70 -40 8 -18 -32 90 90 -4 74 -36 -38 2 -52 40 50 -70 32 -54 -80 82 74 56 -32 66 -74 -124 34 4 -30 20 52 106 -124 60 60 -124 82 4 4 -6 6 76 -12 96 -126 -42 78 -54 124 -32 100 -24 52 62 44 6 -26 -18
-10 -90 -54 18 -28 -24 -78 104 44 32 96 -38 -72 22 -32 76 -16 -64 66 -38 -56 54 36 68 48 60 -88 -124 40 80 -26 -22 18 -126 -124 54 44 -110 60 26 10 14 10 74 -6 104 -112 -122 42 -94 -114 -126 90 -12 62 -64 12 34 -10 -16
4 -124 -44 56 30 2 -94 90 70 52 102 -8 -8 32 8 58 -10 -78 28 -52 -14 36 62 52 32 36 -80 -126 2 60 -24 -6 52 -124 126 56 -52 -66 50 48 16 -70 4 108 -28 122 52 -126 64 -122 -126 -126 -114 -2 56 86 2 20 -10 26
0 -96 8 6 -30 8 -84 118 88 10 84 -14 12 -8 -20 18 2 -60 50 -56 -30 36 70 24 32 -10 -76 -126 40 26 -44 94 62 124 126 66 -38 22 20 50 34 -6 6 32 -14 120 118 -126 -48 -108 -126 -122 -126 -2 42 102 -4 32 -20 -58
12 -124 38 -28 4 22 -82 114 100 44 108 -20 32 -34 -36 -10 -8 -60 34 -60 -48 58 34 -6 4 -78 52 -126 18 48 -8 78 52 120 -118 72 -52 76 32 -2 42 -58 28 64 -22 122 126 -126 -78 -110 90 -106 -88 -4 22 76 -34 4 -30 -102
-8 -112 16 -70 -10 -4 -64 34 82 8 102 -38 -6 -90 -80 -40 -22 -72 4 -60 -56 84 -10 -16 -70 -14 18 -128 60 32 36 0 110 -128 -100 60 -68 70 -10 42 46 -26 4 42 20 96 126 56 -64 -86 94 -118 126 10 6 84 -42 -18 -18 -36
8 -54 0 -42 -30 4 -82 -16 62 58 126 -52 30 -94 -54 -46 -16 -42 -14 -42 -82 52 -24 16 -20 16 -56 -126 40 36 52 66 50 -108 116 68 -38 68 -38 52 40 -64 -6 -8 -26 42 118 124 20 -50 -74 -66 -124 -28 4 76 -10 -30 -6 -10
22 -36 26 -14 -52 -2 -76 -24 84 44 126 -26 12 -124 -60 -52 30 -54 -20 -60 -66 26 -4 20 68 -82 -98 -120 38 24 24 48 -116 124 36 50 20 62 46 72 4 -54 -2 -10 2 36 -2 124 -52 -12 -70 -76 -126 0 44 54 -34 -60 4 -30
12 -88 60 46 2 4 -82 -26 86 36 124 -34 38 64 -36 -40 10 -26 18 -50 -58 38 -12 28 86 -114 -72 -126 12 26 -2 74 -66 100 -74 54 -12 74 -22 68 14 -50 -14 -14 0 88 -100 124 -94 -8 8 -72 -126 -2 -10 38 -34 -50 22 -42
4 -120 32 12 -50 -22 -118 -82 82 40 124 -76 20 126 -34 -72 -14 -50 12 -48 -38 40 12 12 26 -66 66 -116 2 66 14 122 -120 -124 0 66 26 40 -62 48 20 -40 -24 -40 8 90 -74 8 -36 -58 -26 -4 124 -14 -30 -10 -14 -74 -10 -60
-2 0 42 -66 -70 -12 -4 -56 80 18 86 -58 -2 126 -80 -74 36 -46 46 -62 20 46 24 62 -42 -64 86 -120 28 40 48 -50 96 -16 64 86 80 26 48 108 22 -48 -16 -52 4 60 32 -76 10 54 -82 -36 -58 -34 -14 76 18 -48 48 -82
10 -108 54 -42 -58 0 -104 -82 86 4 120 -76 10 126 -76 -66 16 -76 -20 -90 -58 44 60 40 66 -126 36 -120 18 52 72 108 -56 120 -20 94 -8 30 -30 100 52 -90 -2 -22 2 74 24 -102 126 66 -50 44 -120 -18 -68 -10 -16 -52 38 -96
20 -64 40 -40 -70 2 -64 -62 66 40 108 -90 22 -64 -104 -70 -24 -46 6 -56 -62 26 56 36 122 -108 20 -126 -14 24 84 58 14 -46 -30 106 -56 62 12 106 34 -76 10 -54 -2 66 -4 -46 126 108 66 40 80 -50 -54 -88 -8 -54 40 -38
0 -44 38 -38 -68 -8 -6 -46 50 0 124 -70 28 -124 -90 -72 0 -30 34 -62 26 16 44 64 70 28 28 -122 -12 20 58 50 80 -10 -54 118 -30 42 22 96 16 -76 -8 -86 24 66 20 -44 124 110 -38 70 126 -38 -50 66 22 -68 40 -42
26 -74 44 -6 -82 -30 -52 -46 36 -26 94 -74 42 -124 -94 -78 -34 -32 50 -64 -76 72 10 56 38 126 74 -122 -4 32 20 68 104 48 -52 124 -96 16 -72 116 48 -100 -22 -64 14 110 -4 -52 60 116 -6 0 88 -68 -56 -82 36 -98 4 -6
6 64 32 -36 -78 24 78 -60 100 -22 88 -66 12 40 64 -70 -14 -68 58 -58 90 0 -28 58 36 126 74 -126 -2 10 32 -22 32 -18 -56 106 62 42 -6 90 -22 -102 6 -84 6 98 74 54 -100 122 42 84 62 0 -46 -90 -6 -52 30 -10
46 122 84 -44 -76 -26 -22 -72 64 -44 70 -78 50 126 -66 -68 -14 -102 48 -72 -68 42 -60 54 76 116 50 -126 -48 38 42 -16 -4 12 0 124 -62 56 16 118 54 -86 -20 4 46 94 4 26 -124 120 -48 -84 40 -26 -34 -20 46 -70 66 -70
-44 46 -26 18 78 36 2 -28 28 26 72 4 -14 -6 -8 44 8 0 86 -42 88 -6 -12 -18 -4 -14 36 -16 -30 4 8 74 10 8 -8 -50 44 -6 -12 40 -32 12 16 -2 10 20 2 30 -16 42 58 14 70 62 26 -60 -24 42 22 -14
96 -26 -76 -50 -80 -44 96 22 -24 -80 -14 16 -12 16 40 -52 -44 -8 14 68 -106 54 4 -56 -34 -36 -64 -8 110 36 10 -64 112 -22 28 88 -22 -48 16 -36 76 8 -126 -38 -8 -6 -22 22 54 -48 78 -30 -40 -98 -30 -32 62 -66 -28 120
-126 6 18 20 -40 -98 14 36 -26 14 -2 38 -72 24 32 30 -58 -40 32 -54 -122 -14 -20 -38 34 54 10 -54 -126 26 -8 100 126 10 4 -108 -70 82 -88 -74 62 -4 124 32 18 0 -26 62 12 -48 -80 36 38 -124 -28 54 -14 -52 -34 10
-128 -24 -36 78 -128 -110 16 -26 96 -10 -80 102 -86 12 108 -70 -62 42 108 -90 -122 -22 -8 -18 10 -26 84 -56 126 -8 4 -52 124 28 14 -8 -64 -4 -92 88 76 -58 122 -90 86 40 26 38 42 -20 -2 70 -34 126 -84 -88 16 -94 126 -6
126 -28 -104 50 106 126 26 -62 86 -28 -94 64 -80 -2 88 16 -52 -14 100 -32 -116 14 -30 -102 22 18 68 -32 126 -8 -58 82 108 50 18 56 20 -90 -80 96 118 -46 -126 -90 58 76 44 48 12 18 112 112 -60 -122 -90 -106 108 -110 -126 62
-82 -6 26 34 126 0 34 -14 36 64 -40 36 -58 -24 74 -10 16 -6 28 -114 -90 -30 -8 106 2 -10 18 -54 -126 18 -90 42 64 8 56 -84 -2 32 -70 52 -44 -10 126 -58 38 54 22 28 44 22 40 100 -48 -126 -34 -86 120 0 -126 116
2 28 -14 18 84 -126 16 -42 42 34 -90 -84 -54 -20 104 -14 28 22 72 -54 -30 -22 -12 -48 -40 26 -12 -46 -114 20 -108 -24 -8 -10 94 8 -26 -34 -86 82 10 -6 124 -58 20 50 14 28 0 -70 48 48 -14 122 8 -74 118 -52 124 124
94 52 54 -30 -128 28 54 -82 42 2 -120 -118 -64 -28 98 -30 4 56 76 22 -68 -30 50 -106 -44 -14 -8 -70 72 84 -96 36 -36 -24 52 14 -24 -70 -72 92 32 6 -128 -70 -18 10 -6 -16 -14 -90 -10 16 -18 126 108 76 -40 -96 114 126
-120 12 126 -32 -112 126 86 -52 -6 38 -64 -70 -2 6 80 14 26 46 34 -4 -76 42 52 -16 -62 0 -16 -42 106 124 -94 12 -72 -16 -22 -52 56 -14 -76 -14 -34 18 122 -34 -20 -44 -10 16 24 -72 -50 -38 -64 -126 124 -28 -92 -2 -124 60
124 28 44 8 126 -122 86 -50 -18 48 -52 -44 22 -4 12 44 34 66 36 64 -108 36 28 -58 -124 -6 52 -34 -124 110 36 124 -86 50 -82 6 46 -40 64 -26 8 26 -42 20 -8 -92 -8 -24 4 10 -26 -32 -46 -4 76 -14 -112 -40 100 -126
-50 -14 2 22 76 -102 38 -66 -26 60 -2 -46 28 -8 4 38 38 62 26 58 -36 -34 18 44 -128 -16 42 -28 10 6 98 92 -34 10 -26 -14 14 -26 92 -26 2 40 -86 -2 -4 -118 -10 12 -2 62 -30 -56 -28 108 -100 -68 -42 36 46 -100
-64 24 -4 4 -126 124 34 -64 -4 38 12 -26 -20 0 0 38 78 28 38 68 92 -116 6 56 -106 24 74 -62 56 -120 48 40 92 -4 24 -44 8 0 88 -34 -18 78 124 28 -24 -112 12 -20 20 94 -50 -28 -66 -110 -126 -64 -26 56 -80 -20
70 -8 -48 8 88 -68 76 -62 -30 30 -8 -26 -16 -20 60 32 72 36 2 32 114 6 36 38 -8 14 38 -54 -38 -106 30 -34 -38 -4 4 -54 22 40 70 -2 -42 32 -88 70 -26 -120 2 -16 -14 86 -84 -2 -58 48 -70 -64 -6 88 54 16
-30 -56 -56 10 -6 6 8 -62 -18 30 44 -28 -14 6 18 42 74 12 -22 -50 80 126 32 0 98 -6 2 -74 -6 -108 8 30 -52 10 28 -46 52 84 32 -2 -52 -62 18 38 -8 -106 22 -12 -10 82 -60 20 -52 40 14 62 -20 60 -28 46
-16 -90 -36 6 -26 18 12 -60 -32 42 36 -2 20 22 36 12 56 12 -2 -120 56 126 34 -34 90 50 -2 -94 -2 -88 -16 16 106 -24 10 -36 58 124 14 22 -50 -74 26 -2 10 -82 -2 10 10 82 -60 6 -32 -62 78 -8 -20 20 -70 84
76 -66 -56 -90 34 -20 88 -72 4 52 -10 -20 52 18 36 2 52 94 24 -100 26 -124 122 -86 60 34 -8 -126 8 -88 -38 -26 48 -20 2 14 -30 -14 22 44 6 126 -8 -28 24 -52 12 18 -6 100 6 -14 -28 80 126 -54 10 2 68 30
-4 -68 36 -92 -74 -6 48 -106 54 52 38 6 72 60 16 12 56 76 28 -12 32 -126 122 -70 20 18 -44 -124 -6 -108 -40 24 -30 -18 -26 2 -22 -54 2 42 -26 126 6 4 -4 -90 34 -24 -2 114 106 -42 -22 -66 60 -76 22 74 -24 -98
-16 -90 82 126 38 6 -82 -122 -14 44 8 26 76 70 46 26 72 68 20 84 24 -38 122 -50 40 26 -126 -124 2 -116 -68 50 126 16 -92 -90 12 -28 -78 -8 -46 126 -2 32 -26 -90 18 -18 -26 90 122 -78 -30 42 -68 -98 -14 80 -4 -16
-16 -86 96 126 -48 -38 -54 -10 -64 20 18 24 70 104 56 8 44 -22 26 104 46 6 36 -26 84 44 -128 -124 -48 -80 -52 -12 86 -30 -124 -74 48 16 4 -36 -30 -120 8 48 -14 -122 66 -12 10 86 106 -48 36 -48 -74 -72 4 -8 -6 12
-26 -100 50 126 48 50 -34 88 -78 36 0 -22 52 82 60 -24 50 12 16 70 60 -68 -62 -24 102 56 124 -124 -2 -64 -64 100 -124 -32 -126 -86 44 -40 -18 -68 -46 -114 -24 -52 44 -88 64 12 4 94 70 -96 84 52 -40 -102 38 -10 -10 -56
6 -90 2 -48 24 -4 52 108 -72 40 -2 -30 70 72 58 -32 72 44 28 -2 96 -64 -124 18 94 60 126 -98 -6 -78 -52 -88 2 -30 116 -36 38 -84 -6 -10 -46 46 32 -126 30 -66 8 30 -34 64 74 -36 40 22 24 -32 50 -44 20 -26
6 -86 -26 -122 46 24 62 104 -50 14 10 -36 52 36 70 -2 72 6 32 -54 4 30 -124 52 24 56 126 -78 34 -30 -62 92 -2 -24 126 -16 34 -92 -6 -12 -8 34 -36 -96 18 122 -38 84 -46 86 26 122 -20 -6 36 26 26 0 22 -84
-12 -128 -42 -80 -24 2 110 88 -64 -2 -26 -2 34 -10 68 12 60 14 50 -52 10 12 -98 68 -12 44 104 -104 18 30 -70 -82 80 88 126 24 54 -104 -18 -8 -18 44 -4 -36 42 124 -72 30 10 100 72 126 8 6 18 -90 28 40 -12 -38
0 -128 -52 18 -14 -6 120 58 -84 4 36 16 14 -24 34 58 22 -50 58 -18 28 12 -102 56 2 66 -94 -122 -28 30 -74 -62 -26 -20 -126 -12 40 -90 10 0 -36 58 0 24 22 124 -124 58 36 98 124 124 86 -24 34 -88 30 54 16 50
-8 -126 -46 38 30 -14 116 94 -80 10 22 34 18 12 54 86 12 -50 30 16 16 32 -60 2 94 88 -106 -124 -20 12 -64 -58 20 -128 -122 14 8 -46 -44 10 -34 40 -22 64 46 84 -118 -98 50 86 -120 96 66 8 42 -86 50 42 20 26
38 -126 -28 44 -6 12 90 58 -96 -4 70 28 68 6 100 38 -48 -60 30 12 38 -32 -40 -16 56 90 -120 -126 4 20 -74 -68 92 -20 126 26 -28 -6 -22 -8 -12 34 4 52 6 102 2 -126 18 72 -126 16 -122 -10 54 -22 52 -14 22 -22
44 -126 0 16 32 18 88 94 -56 32 66 26 56 -10 108 44 -24 -78 -10 4 2 -48 -52 -28 80 18 30 -126 -24 -16 -52 -72 46 124 126 10 2 18 4 -42 -16 24 6 68 0 108 100 -126 -50 114 -126 8 -126 18 -28 -72 80 -6 4 -56
-4 -126 42 -2 64 0 86 112 -74 26 76 38 56 -18 102 50 -56 -52 44 4 28 -8 -44 -64 56 -36 108 -126 0 10 -82 -88 -58 116 -124 24 -18 58 -26 -106 -48 68 12 64 34 80 124 -124 -98 118 30 10 122 -2 -18 50 78 -12 28 -70
-32 -122 14 -28 14 -6 82 88 -82 50 76 30 44 -50 102 -18 -8 -44 -30 44 -50 40 -18 -58 2 2 74 -126 -12 -8 -86 -96 16 -128 -60 12 -82 48 14 -96 -74 72 -6 78 50 60 126 74 -62 98 110 -78 126 -34 8 -90 58 -14 14 -14
-2 -76 -2 -26 36 -22 60 34 -96 48 122 32 60 -76 60 -32 -12 10 -36 26 -4 -62 0 -22 42 62 -74 -126 20 0 -16 -48 -36 -124 98 38 -96 60 28 -80 -60 90 -6 72 26 52 90 126 -8 84 -10 -2 -124 16 -28 -36 50 -34 0 24
12 -90 20 10 64 22 -10 66 -64 -2 108 22 56 -124 8 -20 16 24 -26 24 70 -44 34 0 86 -16 -116 -124 -14 -20 -66 -80 -42 126 -48 20 -60 28 -14 -62 -72 82 -8 30 42 30 -24 126 -78 70 -16 50 -126 -20 28 60 34 -30 16 -36
-2 -38 60 34 24 16 -74 60 -72 -2 48 58 68 80 36 -28 8 38 28 34 104 -52 20 -22 62 -94 -18 -88 -8 -20 -88 -72 60 98 -66 10 -102 24 -76 -94 -62 68 18 24 68 102 -82 126 -106 86 98 26 -124 24 -14 54 42 -14 2 2
-34 -26 62 -32 50 -12 -120 8 -64 -18 84 72 90 126 90 -8 -30 62 42 22 60 50 -6 -12 -66 -54 118 -76 -22 80 -60 -46 -48 -126 -8 26 -124 -30 -78 -70 -66 58 0 38 30 68 -80 54 -38 66 70 28 124 -4 6 94 22 -54 -8 10
2 110 30 -82 50 12 92 34 -32 48 28 22 82 126 -28 -36 -38 70 56 -4 32 2 -60 6 -94 24 38 -120 6 10 -16 -126 124 -64 -28 -2 -66 -36 0 -48 -76 56 10 46 52 22 58 -6 -82 66 -14 62 -24 34 -14 -18 -44 -2 -6 2
-2 62 70 -44 56 8 -70 10 -30 30 124 34 110 126 38 8 -46 32 18 0 16 -46 -68 0 34 -124 -46 -124 16 -24 -12 -30 -38 126 -44 16 -50 12 24 -74 -72 72 12 62 10 80 24 -20 126 68 -24 92 -104 36 -50 88 -58 -28 -6 -56
-6 72 44 -18 74 -22 0 28 -34 14 96 50 102 -92 -30 26 -48 88 -4 22 -2 20 -48 40 116 -74 -62 -124 20 28 20 -58 48 -68 -28 34 -78 -18 58 -46 -56 60 -26 66 22 64 0 48 126 48 102 110 84 28 -62 92 -54 -20 -36 50
-18 78 22 -36 34 -10 54 52 30 40 74 52 110 -122 -8 20 -52 96 -12 -8 -68 -22 -68 36 72 108 -12 -118 20 48 30 -88 0 -52 -30 32 -74 -42 62 -46 -64 36 6 60 40 74 -22 60 124 52 72 94 92 18 -38 68 -68 -32 -28 42
8 60 56 -12 -8 -30 -66 32 -10 18 46 50 120 -124 30 22 -78 112 -44 -30 -84 -34 50 42 76 126 -26 -112 -6 80 54 -80 84 12 -12 70 -124 -36 -28 -68 -50 70 0 70 24 108 -46 82 -2 50 104 88 56 6 -40 36 -58 -80 12 80
-8 120 24 -68 50 -6 70 52 -4 36 -26 42 88 64 126 -14 -62 58 30 -52 24 -80 -14 34 0 126 -14 -126 -2 54 -20 -106 -84 -56 6 12 0 -40 46 -42 -56 12 -16 74 20 52 42 104 -126 76 96 114 -40 16 -34 90 -52 -6 -20 108
30 122 58 -70 70 16 -64 68 -16 46 -84 56 116 126 0 56 -96 76 -58 -70 -90 -18 6 40 84 126 -18 -126 46 28 58 -110 -40 -28 4 50 -50 -42 66 -38 -58 46 -14 122 68 90 -28 -24 -126 60 86 120 -52 72 -36 94 -72 -18 -18 -28
-66 32 -2 -10 28 14 -24 20 14 42 4 2 -6 -6 28 14 14 20 12 -26 74 -8 -8 -10 -28 -42 -18 68 -62 12 46 44 -80 -14 -52 -38 36 -10 -40 8 6 -20 8 22 -8 -102 16 24 -10 96 2 50 100 78 -26 -54 -20 18 36 -28
58 28 -26 20 -96 -46 62 -40 -20 -92 -44 68 -32 0 80 -84 -36 38 54 74 -102 34 -8 -52 -24 -6 -68 10 126 8 -18 -122 -62 -14 -24 56 -2 -92 -38 8 118 38 -126 -110 14 -98 2 -42 30 -4 120 -22 -18 -114 18 50 8 -50 0 114
26 14 60 -64 -76 -116 -76 -120 48 76 48 118 -6 -20 4 -14 -4 34 58 -28 -70 -16 -4 62 -22 8 0 20 -124 0 -6 -74 16 34 -20 -74 72 -40 -2 0 62 56 124 -82 -24 -82 -28 -20 -24 0 76 -18 0 -30 -2 -14 -50 34 -122 -72
-128 62 36 -22 -126 124 40 64 -62 -126 -70 116 -2 -8 60 88 10 -48 52 -20 -70 -40 -20 68 56 -86 20 -44 116 24 70 24 -98 24 -30 -52 30 -68 96 96 116 58 -76 14 -52 -56 -6 -44 -24 22 -42 -106 -64 126 70 -36 58 82 126 -56
126 36 -42 -46 124 126 46 46 -76 -126 -56 10 -14 16 38 80 -8 -80 40 36 -88 -60 -30 -82 22 -42 -50 -18 126 42 32 108 -128 0 -44 -50 32 -106 74 60 118 22 -126 80 -50 -4 -8 -54 -62 14 -70 -70 -2 -124 38 -100 86 14 -126 -20
-36 -50 90 -10 126 -126 40 50 -74 -40 -42 -16 -38 8 14 54 14 -28 -2 -78 -94 -50 -44 88 46 -46 6 42 -126 -2 -54 58 -108 -30 8 -100 -16 -30 -38 16 102 42 126 4 -52 -2 -10 0 6 90 -56 -60 60 -124 22 -56 124 42 -126 114
-40 -28 44 -6 6 -126 2 12 -72 -30 -66 -60 -28 8 54 30 38 -44 4 4 -94 -22 2 16 24 -32 4 58 -84 -22 -90 70 -88 -20 48 -44 -30 -76 -32 70 88 42 -20 14 -40 90 -16 14 -20 42 -22 -34 20 126 64 -74 124 38 126 124
122 -32 16 -8 -128 124 -18 46 -56 -48 -84 -108 -62 -22 34 60 0 -32 -36 24 -122 20 28 -114 -54 -42 12 48 50 -14 -76 126 -60 0 44 -22 -8 -106 24 82 114 -6 -126 0 18 100 -28 -24 -4 24 -38 76 6 122 122 -104 10 -32 116 126
-118 -76 104 6 -68 126 -12 30 -62 10 -52 4 -38 2 12 18 12 -26 -62 10 -68 26 52 -32 -74 -24 -40 40 92 126 20 112 -96 -26 0 -52 -2 -12 82 -16 72 -22 124 -30 18 122 -2 14 -4 64 -50 40 46 -128 126 -116 -100 -32 -126 36
124 -40 26 -20 126 -126 54 -2 -14 18 -86 -4 10 -14 -16 36 -14 -8 -60 94 -124 78 66 -110 -114 -82 -4 10 -124 126 126 126 -96 34 -66 56 32 -52 96 -40 80 -16 -98 -68 16 108 -16 4 26 106 -50 24 62 120 108 -84 -126 -72 78 -126
-10 -54 -2 36 8 -30 42 8 -16 62 -64 24 20 -6 -36 12 4 -20 -10 88 -74 56 80 -28 -126 -54 26 -38 -22 126 126 120 -62 30 -36 42 -6 -16 122 -42 60 0 26 -38 20 20 -24 -8 -6 94 -70 44 28 36 -78 24 -30 6 66 -108
-86 -36 20 34 -124 124 32 -74 2 60 -52 14 -26 -14 4 24 2 -2 -10 48 26 -22 90 16 -84 -4 8 6 60 104 116 112 -40 30 -20 18 -8 -6 116 -40 80 22 106 -28 24 104 -22 -12 10 102 -48 0 60 -86 -126 -70 -8 48 -76 14
78 -20 -24 40 124 -112 48 -36 -30 34 -14 30 -48 -10 4 22 8 -4 -32 62 84 30 110 -8 16 -18 14 4 -56 0 60 62 -100 20 26 6 -40 -24 86 -24 70 6 -114 -10 42 66 -12 -4 -26 84 -46 -50 -6 96 -100 24 -4 58 42 12
-12 -44 2 38 -32 70 24 -52 -30 30 20 52 -58 0 42 8 28 14 -72 22 96 126 114 4 50 -36 8 16 4 -52 48 92 -128 -8 -22 -38 -2 46 68 10 -16 -44 74 10 64 84 -14 -20 2 98 12 -20 0 -32 -34 -52 -30 64 28 84
-62 -92 -36 12 24 10 70 -8 -36 60 -26 62 -4 4 -8 -4 10 -16 -58 -50 108 126 120 8 60 -24 -6 36 -4 -72 62 94 -22 -16 -38 -60 -24 70 74 0 -64 -82 6 10 44 120 -4 4 -26 96 -22 -8 18 -14 18 -66 -68 38 -64 124
32 -106 -70 -74 54 28 122 16 -78 46 -44 38 68 -24 4 -14 -4 -36 -46 -62 88 -64 124 -50 20 -64 -22 0 -16 -70 10 52 -94 -32 -34 -22 -40 68 68 -20 -48 126 16 -44 -12 124 -54 66 32 70 34 -24 -14 66 106 -88 -50 -32 54 102
14 -112 -54 -116 -22 -8 84 12 -80 48 -34 18 90 12 44 10 30 74 -24 -16 90 -124 124 -60 -32 -48 -20 18 -8 -92 -20 56 -126 -26 -84 12 -64 56 50 -50 44 126 -16 -64 4 120 -26 16 30 56 64 -82 -14 -32 98 36 42 -36 -42 -68
-14 -112 -32 124 84 58 42 122 -78 46 50 20 20 -58 8 -10 36 52 -48 52 126 -112 120 -32 -78 -54 -122 72 30 -110 64 64 -82 18 -124 10 -84 72 48 -12 32 126 12 -18 20 124 -58 -12 -2 78 60 -114 8 36 -36 -64 32 -30 30 28
2 -98 28 126 -56 -40 14 126 -120 30 -2 36 -34 -22 32 -28 20 10 -24 58 102 -44 -124 -6 -58 -20 -66 42 -12 -68 82 48 -76 48 -126 -8 -82 46 66 58 14 -124 14 52 32 92 -2 4 30 60 28 -128 50 -20 -46 -80 -28 -24 -6 8
-34 -124 34 126 34 36 -40 124 -94 68 10 46 -66 -16 14 -32 14 -2 -32 54 58 -64 -126 34 30 -64 84 96 22 -60 88 106 -122 68 -124 -64 -66 12 60 90 -40 -122 2 60 36 120 -2 2 2 52 38 -128 58 8 -72 -16 -94 -20 24 42
-16 -124 24 -28 0 12 -14 70 -102 34 -44 36 -66 2 16 -46 42 14 20 26 116 -44 -126 68 -16 10 126 126 -4 -56 66 -46 -124 36 126 -4 -108 -40 32 122 -32 -64 32 34 32 116 -28 12 0 44 60 -128 -16 12 -14 100 -60 28 2 66
18 -124 -36 -112 20 22 -50 -14 -78 62 30 -8 0 -18 -34 6 32 16 26 -16 52 -66 -126 82 -48 -8 126 126 -6 -8 34 100 -58 24 126 62 -2 -76 86 66 8 24 6 -50 10 114 -52 48 4 62 34 30 -30 16 20 -32 -48 40 4 54
-14 -126 -32 -66 -28 -14 8 -52 -44 32 -52 54 -26 -22 -10 -6 -12 0 38 -16 82 -90 -94 86 -72 16 82 124 14 -22 42 28 -116 40 126 70 14 -66 40 64 22 8 16 -16 36 80 -62 54 30 58 44 126 -10 -14 -14 -78 -66 38 10 76
-10 -126 -48 -2 -2 -26 70 -78 -70 -12 -76 62 -30 -80 -42 6 -24 -2 42 22 34 -60 -86 66 -82 0 -78 126 20 -12 42 38 -108 -48 -126 70 44 -52 28 44 36 -26 16 -4 38 34 -120 2 72 50 126 126 62 26 22 34 -68 56 6 106
-18 -126 -44 48 -14 -6 78 -52 -64 14 -104 44 -36 -44 -22 14 -10 -38 22 44 24 -66 -66 66 -50 -22 -62 124 16 -18 36 34 -78 -124 74 76 16 6 60 62 40 4 -14 -46 18 -120 -122 -76 60 40 -122 126 72 -4 -4 38 -62 14 -8 64
-4 -124 -40 56 2 2 68 -58 -114 -14 -68 38 38 -20 -12 -30 12 -20 -10 40 74 -98 -32 40 2 24 -110 122 4 -60 70 14 -26 32 126 70 -12 60 58 66 20 -16 8 -64 -10 -106 -28 -126 -6 76 -126 116 -90 14 -14 60 0 -4 2 -12
16 -126 -24 12 48 48 52 -6 -84 40 -90 4 22 -8 -4 -40 22 -18 2 30 76 -66 -30 16 -50 -42 -6 124 18 -32 16 20 -74 124 108 66 36 30 50 42 26 -36 -2 -66 24 -82 38 -126 -32 74 -124 72 -126 24 -52 6 -4 -34 0 -8
38 -124 -40 -32 36 24 48 2 -120 28 -102 -32 -28 -30 -20 -28 20 8 4 50 -28 -36 -18 -20 -62 -84 88 118 2 -38 26 -74 -104 84 -124 76 12 52 62 -44 28 -50 -10 -84 28 -74 86 -110 -72 80 44 62 126 24 -26 64 16 12 20 -40
16 -120 -60 -32 16 -22 56 -24 -90 28 -124 -12 -50 -60 -60 -40 4 -42 4 58 -70 60 16 6 -82 -74 62 46 14 -36 -8 -126 -78 -128 14 116 -36 22 50 -50 -8 -12 -22 -24 42 -70 108 32 -12 70 84 4 126 -16 -58 -92 46 26 8 36
-12 -52 -76 54 -46 -2 38 -48 -106 -8 -54 30 -40 -50 -84 -18 -4 8 -14 42 -86 -20 52 18 -72 -4 -96 64 14 -58 -8 -104 -100 -122 102 90 -82 20 56 -10 -2 -14 -2 4 26 -68 -40 126 42 38 -88 -52 -116 -30 -22 10 52 56 16 42
10 26 -64 58 -14 16 44 -6 -82 -22 -32 34 -66 -122 -112 0 -8 34 36 -4 -22 -54 88 44 -62 -96 -88 78 20 -36 8 -76 -90 126 -24 84 -48 24 72 -30 -6 6 34 -28 56 -60 -66 124 -20 52 -92 -48 -126 24 -26 86 18 34 -10 20
2 122 -70 26 14 14 -38 18 -92 -42 -92 48 -66 26 -94 -36 54 54 54 32 56 -54 38 40 -90 -110 30 124 -28 -48 32 -110 -92 74 -64 92 -92 44 70 -72 0 -10 -6 -68 62 -78 -74 104 -62 54 28 -72 124 -20 34 46 44 54 -4 24
10 124 -80 2 -36 8 -96 -36 -80 -84 -22 54 -54 126 -76 -44 32 50 30 10 -82 -32 70 70 -90 -120 68 126 4 -22 6 -86 -126 -124 -48 90 -124 44 44 -80 -36 4 -2 -52 52 -94 -88 -58 -4 28 -52 -52 126 8 40 -20 12 44 -4 44
6 126 -90 40 22 40 70 -12 -74 -36 -102 46 -60 126 -102 -22 38 76 46 -28 26 -6 -12 72 -114 -78 18 84 2 -50 6 -126 32 -42 -52 58 -36 -8 72 8 12 10 30 -44 66 -68 18 -62 -44 46 -80 -104 100 2 66 64 20 38 12 0
26 118 -66 58 12 30 -70 -60 -50 -16 66 46 -40 126 -96 16 22 96 24 -30 -66 -38 4 22 -112 -122 -16 114 -6 -102 34 -28 -78 126 -48 64 -60 10 78 -58 26 6 4 -54 24 -96 -16 -72 126 58 -84 -78 -44 12 14 54 -40 34 -18 -72
6 100 -72 82 -42 -12 -44 -58 -68 -60 -78 48 -22 -92 -120 38 8 96 48 -14 -44 -12 24 24 -4 -122 -30 124 -20 -78 -4 -42 -72 -16 -16 86 -90 48 92 -78 38 12 -2 -44 62 -88 -40 -52 126 20 14 -64 38 -24 -8 94 22 62 24 44
-6 90 -60 62 -66 12 -10 -62 -46 -72 -70 56 -30 -122 -102 6 36 80 46 -14 6 -52 16 44 -92 14 -18 126 -4 -32 -44 -56 -100 -56 8 82 -92 38 100 -82 12 32 4 -58 76 -90 -46 14 124 22 -28 -78 -18 -20 10 122 30 56 -6 32
-22 100 -60 88 -68 -20 -92 -2 -68 -90 -110 64 -58 -124 -98 8 40 112 10 14 -108 40 74 38 -78 126 -56 126 -16 -24 -50 -76 -68 54 10 96 -126 52 94 -112 38 38 2 -74 42 -124 -92 -24 32 -18 -48 -100 -98 -44 34 82 44 46 -48 48
0 122 -72 48 -26 -6 64 -2 -34 -50 -122 58 -80 30 -48 -20 74 54 -4 -36 -10 18 64 18 -86 126 -34 38 -6 -42 -56 -116 -108 12 48 72 -104 30 96 -56 50 -16 0 -58 92 -124 14 -8 -126 36 30 -64 -110 -24 14 112 50 32 -22 98
-46 126 -18 38 -40 20 -104 64 -70 -24 -124 94 -56 124 -114 -16 86 120 -30 -12 40 -24 58 50 -28 32 -42 30 -42 -86 -64 -126 -88 46 50 72 -124 84 108 -96 52 6 20 -96 86 -110 -76 -98 -124 66 -52 -74 -72 4 44 122 56 72 -26 6
-118 -54 -26 4 94 10 2 12 18 22 -52 -38 -20 -14 82 38 8 26 -36 -18 80 2 4 -28 -22 -2 4 78 -40 -30 42 80 34 -2 -62 -48 -2 -20 0 8 36 20 14 52 -22 18 -4 38 -2 96 26 22 38 -12 -4 84 -14 8 24 -38
112 -14 -56 6 -74 0 4 20 -16 -40 -90 38 48 22 74 -56 -52 6 40 14 -98 12 24 2 -2 -4 -58 26 126 0 -2 -54 -62 -16 52 74 -38 -42 -20 -14 52 -48 -64 -66 -26 -18 24 4 16 -12 62 -32 -48 -110 -14 90 52 30 4 124
126 2 24 30 -12 -100 -2 14 42 46 -118 -26 68 0 68 48 -74 -8 58 -110 -74 -70 -36 46 4 50 50 74 -122 -22 60 110 110 38 24 -68 -10 60 -14 -74 14 -84 126 50 -44 12 6 12 -6 22 -62 -36 -40 120 -2 -102 -76 86 -126 -114
-128 -50 -64 -24 -126 124 88 -52 -68 -24 -124 24 70 20 62 -20 92 72 -24 106 -62 22 12 26 -38 2 -40 70 -66 0 -14 62 -16 10 -32 -42 -40 32 2 -60 104 -72 -122 54 -72 -88 6 22 72 -58 28 86 -10 126 -66 -78 44 52 126 38
124 -102 -82 -20 70 126 -44 -66 -24 14 -82 -66 120 14 30 -60 86 48 -38 120 20 -10 -16 -30 -2 74 -42 42 126 -18 -20 66 40 6 22 62 -14 -34 -20 -96 120 -62 -124 50 -44 -110 8 18 26 -64 36 92 76 -126 -80 -56 56 62 10 60
46 -118 4 -12 126 -126 4 -42 -68 62 -54 -40 56 -10 12 -34 78 84 -60 34 6 8 -6 112 6 20 12 76 -124 -64 -62 -28 -62 -10 4 -46 -24 46 12 -48 34 -56 126 18 -24 -98 24 30 54 -82 78 86 38 -122 -70 -12 118 74 -126 114
-60 -92 16 -22 -108 -124 -34 10 -94 26 70 -100 -6 4 -58 -64 70 44 -32 88 36 50 -4 58 24 24 6 10 -18 -66 -54 24 14 -4 44 -14 -44 -6 12 -20 86 -58 -120 34 -28 -78 32 14 12 -78 100 16 58 126 -54 -14 112 68 116 126
124 -80 -28 -18 -128 126 -40 52 -94 -12 78 -112 -36 12 -82 -40 12 56 -78 102 -54 38 -34 -24 -6 -12 6 18 6 -114 -44 14 14 -12 66 46 -44 -68 -8 -2 112 -30 -74 42 -2 34 -20 -26 -12 -92 42 -50 52 10 52 -72 44 64 124 124
-120 -58 84 -42 34 126 -24 82 -50 -12 22 10 -8 24 -86 -58 -66 54 -78 2 -12 82 -2 64 -90 16 2 16 118 -74 82 -56 -24 -28 34 18 -58 0 6 -4 38 14 122 -18 8 70 -2 -36 -34 -102 50 -6 92 -126 126 -76 -82 28 -126 -72
60 -42 48 32 126 -128 26 72 -56 -24 -66 40 -14 4 -74 -74 -82 12 -50 44 -120 62 -14 -70 -116 -6 -12 -38 -80 126 126 -20 -16 18 12 82 -28 -24 -14 -8 82 -10 -110 -60 -2 76 -14 -16 4 -84 2 28 48 122 126 -78 -112 -34 50 -126
52 -48 46 12 -78 48 26 64 -36 18 -40 40 6 -6 -58 -32 -66 2 -30 54 -66 58 -26 -8 -48 4 14 -36 -28 126 126 34 -26 14 -30 50 -14 -32 14 -44 56 10 98 -54 -4 66 8 18 0 -18 -6 48 38 -92 -20 36 -28 4 42 -116
-102 -14 56 18 -88 112 -20 46 -22 40 -48 58 -26 -16 -80 -36 -44 -2 -60 30 -14 66 -14 60 74 14 12 34 74 126 82 38 24 4 -18 66 -20 -2 0 -8 52 14 18 -64 -6 56 28 -12 -2 -48 12 12 18 -60 -106 -6 -8 40 -68 6
40 -18 64 16 126 -100 -32 4 -6 12 -30 26 -50 -2 -36 -38 -40 20 -48 34 58 46 14 30 94 34 0 34 -16 124 50 -40 -48 -2 8 62 -38 -50 -50 28 58 -26 -76 -70 0 78 32 -30 2 -16 46 -42 42 80 -76 -16 10 44 28 8
42 74 24 2 -98 48 2 58 -8 18 -10 46 -60 -12 -50 -40 -54 40 -50 22 46 126 84 28 108 10 10 82 -4 58 -12 24 -126 14 -18 62 -54 -80 -32 24 26 -36 66 -30 28 66 24 -22 14 -24 -16 -70 4 -52 -44 -46 4 46 38 28
-66 -30 46 4 52 -12 16 24 -36 22 -58 92 12 12 -46 -38 -38 24 -52 0 60 126 106 56 86 48 4 88 18 64 40 30 -66 10 -2 14 -62 -38 -30 26 -44 -30 -16 -14 4 78 30 -10 -12 -50 44 -64 -20 -14 -18 94 -38 70 -44 8
-20 -68 0 -76 4 -18 56 58 -56 30 -8 90 84 -14 -66 32 -48 -24 -48 -14 78 126 124 52 92 20 14 110 -14 44 16 -36 -116 28 -112 24 -28 2 0 6 -46 60 -8 -42 -16 90 40 -20 4 -8 48 -22 -36 -18 50 -86 -32 20 26 42
14 -98 -36 -108 -32 0 60 126 -62 62 18 -24 106 -8 -52 -20 -72 -34 -70 -44 24 -120 122 34 74 28 -64 106 -22 20 0 -22 -124 -10 -124 76 -38 42 -28 -48 -26 126 20 -32 -38 76 32 -10 16 -44 58 -78 -10 0 102 -88 -2 -66 -22 10
20 -92 -52 74 60 -12 56 126 -64 54 -12 -60 40 -30 -98 -2 -68 72 -78 -70 -32 -122 4 -22 70 46 -90 96 0 52 16 54 -122 -12 -124 102 -70 38 -48 -16 58 122 -26 34 -20 102 8 0 -6 -68 -52 -104 -44 4 86 40 -16 -78 22 18
24 -110 -22 126 -58 -2 76 126 -86 54 -52 -10 -30 -24 -60 22 -60 58 -88 -4 52 -58 -114 -18 42 28 -6 96 -4 116 66 -6 -106 30 -126 100 -78 26 -72 48 46 -66 -4 92 -30 96 46 -26 -10 -58 -58 -126 -10 0 44 108 -22 -36 0 -4
-2 -126 42 126 68 -18 50 126 -68 46 10 12 -80 -36 -96 -4 -52 54 -118 4 48 -14 -102 -40 66 12 40 108 -18 64 78 84 -120 86 124 46 -52 12 -38 76 32 -120 34 124 -30 94 40 -22 -36 -64 42 -128 -38 10 -6 -14 -74 -4 8 -48
16 -124 44 44 -22 -16 -46 -14 -88 48 26 26 -84 -8 -68 28 -50 30 -72 34 66 30 -104 -20 82 0 126 126 -18 86 40 -58 -106 56 126 48 -92 -16 -70 108 4 -68 -26 126 -24 84 24 -56 0 -68 82 -128 -76 -8 -24 -10 -64 14 -14 22
32 -124 28 -102 22 -56 -78 -116 -30 28 36 -6 -40 -6 -108 -16 -32 14 -92 26 0 12 -84 -16 48 8 126 118 -24 46 48 124 -38 -14 126 78 -58 -40 -68 58 30 10 2 120 -56 22 0 40 14 -42 94 -126 -64 -22 -30 -68 -50 -6 0 14
-10 -126 42 -84 6 -18 -56 -122 -48 30 -20 6 4 -32 -74 -2 -60 32 -38 8 -32 28 -28 -24 -2 8 84 112 -16 42 42 -6 -24 40 126 72 10 -12 -78 -12 22 36 -14 70 -36 -68 -14 2 22 -22 104 126 -70 -8 -28 -28 -56 -14 -4 42
2 -126 56 -12 -38 -8 -38 -98 -74 30 14 -14 30 -18 -84 -20 -36 48 -50 -10 -10 32 -6 -14 -18 20 40 126 -16 -4 34 40 -20 -40 -124 70 -34 18 -74 -4 20 32 -20 32 -12 -124 -90 -26 40 -82 118 124 -2 -12 12 108 -38 -36 -18 54
-20 -126 52 6 -10 -10 -52 -86 -88 22 -44 -48 34 0 -80 -54 26 92 -88 38 20 20 38 -16 -20 48 -50 104 -14 -16 66 58 60 -120 124 60 8 46 -52 66 -2 16 -24 -20 -38 -124 -40 -92 2 -78 40 120 14 -14 20 66 -44 -58 22 30
10 -124 36 18 -8 6 -34 -68 -102 8 8 -58 40 16 -94 -52 56 92 -104 74 14 44 24 -50 4 40 -66 106 2 -38 34 26 36 42 126 60 -6 54 -32 60 0 -24 2 -50 -44 -108 32 -114 12 -32 -126 98 -84 10 -20 42 -2 -56 10 4
-22 -126 64 -18 18 14 -36 -82 -108 26 -32 -54 0 -8 -82 -38 54 84 -66 34 44 58 -18 -68 6 8 -28 124 4 -26 26 60 -76 124 8 42 12 50 -40 58 12 2 8 -34 -36 -92 64 -120 -58 -34 -110 100 -106 12 2 -22 -24 -20 18 -28
-26 -122 52 -38 20 6 -72 -66 -122 26 -42 -70 -42 -8 -72 -26 38 100 -88 46 -20 10 14 -74 36 -66 46 92 22 30 38 -34 -90 62 -102 68 66 -12 10 52 8 -38 -10 -2 -54 -98 88 -38 -46 -22 84 60 126 12 -20 -10 -42 40 20 -56
12 -2 50 -40 -30 -38 -104 -30 -112 -14 -60 -70 -60 -62 -78 -20 22 74 -62 72 24 84 38 -68 -60 -20 34 90 -12 22 -4 -78 -68 -126 96 66 92 -34 -68 54 34 -18 -26 -4 -34 -80 100 42 -2 -52 122 26 126 -10 -28 -44 -12 26 8 -24
24 62 12 -8 0 -6 -70 14 -92 38 -68 -56 -56 -48 -118 16 8 48 -34 54 -46 58 16 -60 -8 60 -22 92 -4 28 10 -74 -98 -100 100 88 26 -46 -40 46 28 14 14 20 -54 34 38 124 26 -76 -54 -10 -94 -28 -12 16 18 52 -34 -6
14 122 -4 40 54 18 -16 44 -62 -4 -82 -50 -68 -80 -102 0 16 54 -76 48 -40 16 12 -54 42 44 -68 96 -4 34 24 -94 -40 126 4 74 76 -46 -20 56 38 -44 -22 6 -18 -4 0 124 -8 -64 -76 12 -128 12 -50 84 10 34 0 24
16 126 14 34 32 2 30 44 -40 -22 -50 -62 -78 64 -94 16 -10 42 -80 78 -18 48 -34 -72 22 -50 -54 126 20 22 54 -100 -32 70 -20 98 82 -38 -62 46 14 -40 10 -26 -24 -52 -22 8 -46 -34 58 -16 124 22 6 94 -4 58 12 -28
-22 126 -30 26 18 -38 -68 52 -64 -46 -78 -48 -88 124 -106 72 -34 46 -80 78 -26 28 -30 -62 -26 -40 28 126 0 36 38 -70 -84 -124 8 82 32 -26 -60 56 -2 -48 0 34 -34 -74 0 -84 -4 -8 26 -12 126 -36 14 66 -32 54 -22 -46
16 126 -46 -12 -4 4 76 74 -48 40 -84 -46 -74 122 -94 52 40 42 -66 44 52 60 12 -50 -70 66 14 126 -4 56 52 -102 66 -2 -54 36 64 -56 -70 78 -4 -46 -4 -4 14 -30 68 -50 -62 -18 -16 10 54 0 34 102 -44 58 -2 -100
-12 124 -8 -4 36 18 -60 78 -24 20 -72 -60 -76 82 -80 64 2 40 -80 60 34 40 -44 -76 30 -94 12 124 18 30 56 -14 -88 126 -26 76 110 -56 -24 28 -20 -28 -14 28 -40 -72 68 -38 126 -44 -56 -4 -28 10 14 60 -56 60 0 -92
-12 122 -42 30 4 2 0 80 -14 6 -84 -76 -86 -90 -98 68 -2 52 -80 78 64 30 -40 -78 86 -60 12 124 36 72 58 -82 -82 -2 44 68 66 -50 -76 8 -16 -38 -14 6 -28 -30 24 14 126 -80 58 -26 -44 20 20 86 -32 78 -18 -22
32 124 -52 24 -4 -38 60 70 6 -24 -72 -60 -92 -124 2 74 -2 36 -74 80 -4 52 -36 -66 20 90 -28 126 20 12 60 -78 -114 -32 -20 40 98 0 -68 50 -36 -14 10 10 36 -58 48 52 90 -62 -32 48 -32 -10 30 108 -40 74 6 -24
30 116 -64 12 -56 -14 -38 108 -44 -48 -84 -70 -92 -126 -92 110 4 44 -100 86 -6 8 -42 -68 -22 126 44 126 46 36 42 -56 -76 14 2 96 40 -20 -74 52 -56 -44 -4 -24 -54 -78 18 -20 22 -80 26 -64 -40 -18 54 92 -58 64 26 -50
8 124 -36 14 0 -40 76 88 -14 56 -80 -44 -80 -4 -98 40 0 44 -94 78 86 10 -36 -48 -40 126 70 124 -12 76 52 -88 -42 -46 -12 -20 66 -56 -14 52 -14 -36 -14 -8 -20 -76 82 42 -100 -66 74 50 -74 -4 44 84 -68 68 12 -2
42 126 -60 2 -10 6 -96 120 -44 78 -116 -66 -110 98 -116 118 28 74 -114 116 -58 -16 -34 -72 74 100 80 124 6 32 86 -82 -28 68 32 94 54 58 -68 4 -52 -82 22 -26 -60 -62 10 -68 -96 -56 14 80 -22 -18 48 116 -48 96 12 -82
-120 -54 -14 -6 26 -22 -18 32 -6 28 6 -20 -2 -8 28 16 54 -6 -90 -16 120 10 44 -44 6 -22 40 38 -28 -24 18 70 -34 -16 -24 -30 34 -4 42 22 42 16 -28 50 -14 86 -6 8 -20 4 36 40 36 20 26 -80 -18 10 34 -12
122 -40 -60 34 -82 16 46 14 0 -32 16 16 44 2 42 -48 -46 -10 -20 54 -30 44 -26 20 -52 -32 -36 -16 126 2 8 -28 -92 -18 100 72 -50 6 -86 -52 62 26 -18 -18 14 58 -18 20 42 -56 2 -6 -76 -110 -36 68 12 -28 -16 126
126 -44 48 -32 -30 -54 -54 -40 0 88 58 44 32 -6 58 44 82 4 -110 -36 98 -8 28 104 -10 0 34 40 -116 -26 24 60 110 0 -8 -90 -14 82 -88 34 30 8 124 108 10 60 -36 62 -12 34 -118 -16 -24 110 18 -32 -28 82 -128 -100
-128 -48 42 -16 -122 58 76 -18 54 -66 44 66 -4 6 -52 -52 2 40 -20 -12 38 -38 -58 50 26 -14 72 42 -122 20 18 -68 -108 26 22 100 -22 72 -56 -82 26 22 -122 18 56 98 16 -8 -38 20 -22 -50 56 122 78 -108 0 -30 126 4
16 104 -58 20 34 78 22 4 -6 -58 88 12 0 -16 -88 -2 -46 -36 -6 6 -12 -52 -42 -58 -24 12 38 86 126 -28 -20 66 10 -14 34 76 -10 40 -78 -38 44 2 -6 58 62 122 -6 0 -38 72 -70 -22 48 -124 46 -94 -12 -30 124 0
100 94 58 10 86 -126 22 52 -12 -18 68 -20 -26 -4 -84 -10 -2 -22 -94 -66 22 -42 -22 92 20 -60 32 78 42 -20 -70 6 -64 -8 8 12 50 82 -68 -50 4 16 126 26 24 96 -12 -8 -20 52 -24 0 -44 0 32 -86 58 32 -126 20
-116 0 52 2 -56 -122 0 56 -24 8 98 -58 -16 4 -112 -22 8 -38 -62 -4 4 -42 -8 90 14 10 -26 24 -12 -34 -42 -4 -102 -14 34 48 54 74 -58 -70 28 28 -122 2 14 4 18 10 -14 12 -68 2 -4 126 -4 -124 82 50 -46 92
122 52 -6 -2 -128 126 -34 -6 -8 26 100 -82 20 -2 -92 -56 -20 16 -114 50 -80 8 38 28 -42 -30 -20 60 -70 -80 -16 -6 -110 18 78 38 42 -6 -82 -42 40 12 68 0 50 -6 8 -22 20 68 22 8 -6 -108 -22 -126 32 44 126 70
-110 -36 48 -8 46 74 -6 2 -2 62 100 -32 -12 28 -52 -46 -54 28 -112 -86 -68 8 64 112 -78 2 -38 -14 124 -86 54 -32 -78 12 52 -54 -16 28 -92 -6 -12 16 22 -62 14 24 18 26 26 -8 -84 38 20 -122 86 -68 -58 66 -122 -76
0 12 0 -44 126 -128 58 -14 16 62 42 10 34 14 -86 -28 -94 16 -98 -18 -124 -42 38 30 -66 -40 -20 26 8 -6 124 -50 -92 24 8 -22 0 0 -90 -24 40 58 -54 -50 0 28 12 8 -12 -26 -40 28 18 118 54 -104 -84 10 -8 -124
104 -16 -20 -6 -120 110 60 -2 10 52 -4 4 42 -12 -20 -10 -72 -14 -76 -8 -78 -42 36 28 -18 -28 -30 -8 -18 124 116 -22 -104 10 -4 -30 10 26 -110 2 -16 18 108 -80 -24 -50 -38 4 -10 -58 24 62 40 -50 8 -84 -56 12 62 -60
-100 -6 26 -14 -30 -6 34 -16 26 76 -10 18 6 2 -70 -8 -54 -24 -100 -54 -82 -72 16 80 70 -18 2 32 16 108 -12 22 -46 38 -22 -38 10 62 -94 14 28 -8 -46 -116 -16 -74 0 10 10 -32 -10 64 0 22 -80 -44 -10 46 -52 14
24 30 -2 -2 64 -28 34 10 16 48 -18 -18 -18 -18 -44 -52 -34 -30 -82 -42 -38 -42 78 40 108 -18 2 40 32 104 -46 -38 4 -12 -64 18 6 26 -74 16 34 -40 -16 -104 10 -76 -24 -16 4 -32 -56 52 -14 64 -52 86 8 38 8 -2
46 6 40 -6 -82 46 0 -6 0 20 -4 6 -12 -30 -8 -48 -54 10 -90 -44 46 26 84 52 90 -40 -20 32 -8 90 -36 -16 -128 16 -42 -18 28 4 -82 10 0 -14 22 -84 12 -68 10 34 26 -36 -20 -20 -18 -34 -48 -88 10 10 38 4
-16 70 38 -48 72 26 50 10 -12 38 -86 26 8 -4 -12 -10 -66 8 -40 -42 -60 124 104 56 108 22 30 90 16 68 -72 14 -10 -14 -70 -50 8 -46 -66 -10 0 52 36 -42 -8 -42 -30 22 20 -44 -34 -54 -36 72 -72 -40 38 62 -48 -20
0 64 -4 -60 -74 -20 24 8 24 28 -30 24 66 8 -36 0 -50 -22 -58 28 -34 112 62 24 86 22 -4 56 24 70 -58 -36 -50 16 -120 -48 52 -52 -74 -60 -30 48 -22 -18 -28 -28 4 6 32 -40 28 -44 -66 -4 -30 88 20 32 12 50
12 32 -40 -86 26 26 -64 122 10 68 16 -26 114 40 22 -24 -86 -64 -76 -38 -80 -16 34 88 76 2 -26 54 -16 90 -20 14 -76 18 -120 -72 112 -24 -80 -72 -46 122 34 -20 -24 26 36 -4 4 -28 -44 -36 -50 -14 18 100 -16 -40 -4 66
12 -8 -62 28 24 -20 -54 126 -8 36 46 -70 110 38 -6 6 -100 -32 -70 -86 -102 -122 -120 82 26 4 -52 16 10 96 -18 78 -126 -22 -74 0 86 -4 -72 -90 8 104 0 14 -34 78 -16 -16 10 -52 -18 -106 -46 36 14 42 -38 -92 0 74
12 -8 -60 126 10 36 66 126 -4 10 24 -76 30 18 10 20 -74 60 -42 -102 -104 -82 -106 -2 -10 18 4 18 16 96 -8 18 46 -12 72 -6 6 8 -68 -10 58 58 -16 86 -14 74 12 30 -24 -56 -46 -124 -38 30 2 32 -26 -50 -6 -6
-22 -62 -16 124 4 -12 64 84 -48 4 38 -34 -60 -4 -38 34 -66 46 -50 -64 -60 -12 -104 -50 22 -30 4 18 28 16 26 30 -74 24 126 -34 44 44 -90 66 44 -72 26 124 16 62 16 14 -10 40 -16 -126 -12 -24 -36 86 -48 -10 32 -44
-10 -74 38 42 -46 10 52 -64 0 -22 70 -12 -92 0 50 -10 -46 62 -16 -32 -32 -18 -106 -56 58 -6 68 30 32 40 -12 -78 -88 -16 126 -38 10 36 -46 54 26 -70 12 124 18 14 -2 48 12 28 2 -128 10 -30 -46 8 -14 16 -12 -26
-20 -102 18 -52 -70 -6 -38 -72 -22 26 64 -48 -14 12 -12 -28 -58 4 -16 -2 -62 10 -88 -48 48 -6 62 32 22 38 -22 122 -42 -10 126 -22 40 22 -28 14 -6 -24 26 122 -2 -34 -18 50 16 52 -70 -88 16 -22 -40 -42 6 -10 -24 -24
16 -124 42 -66 -30 14 18 -72 -6 16 34 -18 46 4 4 -34 -44 14 -16 -34 14 30 -84 -30 46 -18 18 54 -8 26 -42 6 -94 -2 -10 -30 0 18 -64 -60 14 -2 -22 92 18 -72 -20 -20 -14 8 -66 120 -18 -20 -42 86 50 -12 -14 12
6 -122 14 -40 12 -14 48 -88 0 8 -12 -4 72 16 -20 -32 -8 16 -52 -10 22 32 -56 -22 32 -24 -32 58 -14 -18 -36 14 -60 18 -120 -66 20 58 -56 -64 -54 16 20 52 4 -72 -78 -12 -2 -58 34 124 -62 8 -12 36 50 -20 -24 48
2 -124 8 6 -20 -2 72 -74 -42 12 62 -28 94 28 20 -56 40 62 -66 -48 8 70 -60 8 18 -38 10 36 -6 -32 -60 30 10 -58 124 -78 16 48 -26 -68 -42 6 2 2 18 -76 -48 -84 14 -18 -6 64 -88 10 -8 -84 48 -36 -20 52
6 28 14 46 2 4 60 -116 -48 -14 66 -48 72 20 -26 -58 76 84 -78 -34 42 44 -68 -4 4 12 -46 22 -2 -40 -32 12 -70 16 126 -80 32 64 -74 -54 -58 26 16 -16 2 -66 -12 -84 12 0 -124 74 -50 26 18 -28 26 -60 12 84
-16 120 6 0 -4 -8 72 -92 -76 12 58 -46 68 0 12 -46 46 62 -66 -56 12 32 -68 6 58 -4 26 60 -12 -34 -24 34 -46 122 -126 -70 32 42 -82 -48 -32 -12 8 -16 34 36 62 -88 -28 18 -58 98 -32 -6 -16 -34 28 -42 26 4
-24 124 54 -32 14 -20 46 -74 -76 20 74 -38 60 18 -36 -6 32 72 -58 -36 -40 8 -38 -26 -2 -68 22 44 -22 -50 -18 6 -72 32 -78 -94 46 56 -70 -48 14 30 -2 -2 -18 -22 56 -4 -50 -2 -20 74 126 32 -4 -124 34 -34 2 -50
-12 126 -4 -56 8 26 2 -74 -80 34 40 -24 76 -20 68 10 40 52 -44 -20 -4 12 14 10 46 -60 30 106 -26 -24 -40 -76 -44 -126 62 -86 74 -22 -94 -30 -8 50 -14 -20 -28 -6 62 68 -28 -50 94 40 126 -16 -12 32 30 -16 -6 -12
-8 126 4 -10 -4 -10 42 -86 -58 -8 42 -8 60 -20 64 38 30 48 -50 -22 -46 22 8 26 34 -14 -12 118 12 -6 -44 -44 30 -64 54 -86 46 -48 -92 6 -6 -2 4 28 -28 48 -32 106 -20 -50 -18 -4 -54 30 -14 -86 26 -30 -8 26
-6 116 26 10 8 22 32 -8 18 16 4 -12 60 -56 96 56 -2 58 -74 -56 -14 0 18 44 68 -38 -46 108 -8 -34 -12 -28 -32 124 -4 -74 64 28 -32 8 -6 -24 22 -12 -36 70 -32 58 -50 0 -74 32 -122 14 8 -4 -6 -24 -2 2
-8 126 26 44 30 32 96 -36 48 -10 16 -22 20 36 98 54 38 40 -52 -60 -30 -40 -38 -6 50 -38 6 82 30 -40 -64 -26 58 -2 72 -94 80 -6 -48 6 -8 8 6 -16 -44 48 -56 12 -58 -16 -16 54 122 18 -32 -64 20 -34 -8 -4
14 124 26 -16 14 -24 -6 -84 24 -46 34 -22 40 124 78 64 40 2 -100 -22 -14 14 -28 -26 -58 -56 -6 88 -14 -18 -52 42 -96 -126 10 -110 88 -4 36 -26 -10 54 -12 64 -66 24 -54 -6 -4 -34 76 6 124 -6 30 -106 30 -48 2 -42
-30 82 22 -12 -14 -2 76 4 10 0 -10 18 56 94 112 56 34 4 -4 -64 38 10 6 8 -66 -2 24 104 8 -54 -6 -62 114 -22 -30 -112 42 -30 -68 54 2 30 18 42 0 82 28 6 -28 44 18 -14 24 12 40 42 32 -16 -4 -16
-20 60 56 -2 -62 -8 -20 -64 50 -16 68 -28 44 58 106 58 12 12 4 -70 12 -24 -34 -4 20 -80 -12 94 10 -10 -60 84 -88 126 -52 -104 78 -4 -52 -14 16 38 22 44 -70 42 -12 -18 112 -22 -82 -16 40 36 -24 -50 10 -28 14 -2
14 10 42 -12 32 2 26 -26 58 14 -38 -6 28 -74 122 58 40 26 -6 -32 24 -12 4 -18 54 -86 -36 90 -36 -42 -64 -38 78 -70 -18 -120 52 -12 -36 34 -2 42 8 24 -46 68 -6 -10 124 -62 -48 -48 76 -16 14 -24 14 16 20 28
-32 6 22 -4 -16 34 62 -52 54 20 24 36 38 -88 124 62 40 8 4 -28 34 -32 -20 -10 30 -6 -8 94 -40 -78 -64 -12 -56 -62 -10 -124 102 -26 -10 32 -42 6 12 56 -20 40 22 46 30 -50 -76 -74 22 22 -4 60 34 14 12 34
4 -68 38 -16 -20 -24 10 14 54 -46 -48 -24 12 -92 104 56 12 40 -54 -8 -18 10 -20 -24 -10 126 -62 106 16 -46 -66 42 -98 28 4 -122 94 6 -62 -34 -2 56 0 50 -74 54 -50 26 0 -68 10 -114 -42 12 -24 88 56 -16 -16 -2
-8 18 18 6 4 10 56 -68 68 58 94 8 6 40 104 32 32 -40 -14 -48 72 -20 30 -6 -44 54 -2 118 -24 -30 -42 -32 8 -56 -52 -122 82 -30 -40 42 -8 48 30 70 -32 48 82 76 -58 -42 -4 22 26 -6 -48 66 56 -10 8 30
-44 -114 20 -28 14 -12 -102 32 82 48 -42 -48 4 52 96 74 56 40 -40 10 -42 28 -30 -38 30 -6 -40 118 36 -72 -66 40 -54 46 -2 -124 116 42 -114 -36 12 52 -12 68 -124 70 -50 -18 -74 -100 -34 26 50 20 -44 78 50 16 -4 -2
-124 -14 -10 4 78 -2 -8 -28 14 -20 52 -16 -20 -12 -34 -16 44 -38 -110 -2 120 22 6 -54 -10 -22 4 -30 -50 -8 24 78 -26 12 -30 8 28 -18 122 8 40 20 -34 34 -18 36 -6 -10 -18 -10 -20 32 -28 -22 10 -114 -2 -4 32 -20
70 32 -28 12 -48 20 18 -18 -28 -68 80 36 -32 -6 44 -40 -26 20 -2 48 -24 12 10 4 -14 -16 -56 -2 126 -16 -22 -66 -94 -10 60 44 -6 -38 4 -4 20 34 -32 -20 -4 -4 -16 -22 16 -52 58 -62 -80 -68 14 2 -6 -26 -32 122
126 38 16 36 2 -58 -12 -30 -64 -40 -26 40 -40 0 -26 -12 14 -48 -84 -20 10 -16 -22 -10 -32 36 14 8 -90 -32 -24 56 118 4 -20 -58 64 14 50 -16 -40 24 122 82 -32 50 -24 -20 -8 10 -98 2 2 126 48 -44 -44 -40 -128 -96
-128 56 32 22 -90 120 74 -14 48 -120 -36 62 -8 14 -102 -38 22 26 -76 -54 -104 -60 -50 42 6 4 18 28 -124 -18 34 48 -126 12 14 2 -30 36 8 36 -6 2 -126 14 14 -6 6 48 22 72 -40 6 4 18 72 -84 -26 12 126 -30
6 78 -64 14 126 26 -38 -58 22 -74 42 -6 -4 0 -78 -62 52 -24 -90 26 18 -16 6 -68 -14 52 0 10 126 -4 -20 54 116 -18 -16 28 2 -64 32 6 -6 -2 -8 46 -16 16 16 18 -20 52 36 0 -26 -124 28 -36 -6 32 124 36
124 106 14 6 38 -116 -14 8 -20 -62 -12 18 -12 -8 -94 -56 38 -16 -94 -26 -66 -26 -6 52 -12 -2 -34 -18 12 -44 -26 48 -74 -4 -28 -46 20 30 2 20 -58 -34 126 16 -14 -14 -24 16 22 16 -20 36 -60 32 -8 -118 54 26 -126 4
-120 120 38 16 64 -24 -22 22 8 -46 24 16 18 2 -100 -40 -4 0 -52 -22 14 -2 28 54 -48 22 -24 28 -26 -12 -40 32 -78 -8 -10 -18 34 36 -40 -42 -58 -22 -118 -20 8 6 2 6 6 80 42 22 -42 126 18 -94 38 58 -106 52
110 122 6 16 -124 118 -22 8 30 -60 36 -28 -46 12 -124 -58 -58 -70 -124 12 -38 -34 -14 -28 -32 10 -6 10 -110 42 38 88 -80 0 -24 36 46 -38 -72 -6 -66 -4 80 -24 6 48 -8 -4 -10 98 -20 -2 -42 -90 38 -86 64 54 126 6
-88 126 60 2 58 -64 -66 -54 8 -28 -6 52 -68 6 -84 -38 -74 -34 -78 -36 -30 14 46 38 -68 2 32 18 120 0 48 42 -42 0 22 -30 52 -28 -80 34 -76 -8 -68 -22 -26 34 2 -2 4 90 2 -2 -14 -2 24 -38 36 66 -116 -18
0 84 42 -16 120 -126 -24 -54 -4 -36 2 68 -36 -8 -28 -36 -118 -46 -94 -6 -54 -42 20 -10 -62 6 -8 -6 -12 38 78 72 -66 -16 -12 -14 22 -26 -92 32 -52 -24 -24 -34 -40 24 -28 -24 24 34 58 30 -18 76 56 -46 -20 70 -40 -98
98 60 10 -24 -68 116 -56 -48 6 -18 -28 12 -42 -4 -44 -16 -88 -42 -66 16 30 -72 44 -8 4 2 14 52 -36 120 40 58 -90 -16 -2 -24 18 2 -88 32 -62 -18 56 -58 -26 66 -16 18 -14 26 30 54 2 -68 -42 -32 4 64 66 -40
-98 38 28 -24 52 -40 -60 -42 18 -8 -26 28 -54 -8 -52 -18 -68 -50 -74 2 28 -12 76 22 40 20 16 -14 18 118 -12 48 26 8 -82 -22 16 40 -48 36 -50 -36 -58 -82 -26 -36 -4 -16 -12 -8 0 42 0 16 -58 -94 18 50 -40 -30
-16 44 8 6 20 0 -44 -18 34 -24 -30 18 -48 -24 4 -30 -68 -54 -74 10 96 -8 82 4 32 8 4 44 30 88 20 -10 -48 6 -30 -30 36 8 -72 62 -46 -52 24 -86 -12 32 4 12 -14 -22 -28 10 36 2 -60 -96 56 48 -24 -6
54 6 0 -22 -38 2 -38 14 18 -26 16 10 -36 -12 -4 -42 -64 -56 -52 10 84 -4 110 -4 48 -16 -4 -44 -34 48 -42 8 -128 -2 -54 22 0 4 -36 26 -24 -82 -22 -82 2 58 12 18 0 14 62 8 26 -24 -48 6 48 -10 18 20
-12 50 36 -12 70 48 -46 20 26 -50 -68 6 -22 24 6 -44 -66 -18 -18 -54 48 16 108 12 44 38 -12 2 -2 56 -6 6 84 -8 -38 -16 22 -22 -80 42 -34 -30 2 -58 -12 34 10 26 16 -30 0 -26 10 -2 -38 -58 42 20 4 -12
-16 64 18 -68 -8 -14 -8 40 18 -76 -80 28 -28 10 56 -6 -70 -12 0 0 34 38 110 -36 34 12 -24 -10 12 38 -40 -78 -38 6 -38 -4 -14 -54 -24 6 2 22 -36 -20 -4 40 -40 56 6 -30 -32 -52 -10 18 -40 88 60 54 42 6
18 62 40 -30 30 14 -44 76 22 -10 -22 72 36 28 14 -34 -92 -60 -20 54 76 88 54 20 54 14 -60 8 18 98 6 4 -84 22 44 -32 34 -62 18 -40 -60 40 4 -16 -42 4 -16 8 -16 -32 -66 -62 -20 4 -52 78 38 34 -8 -14
-36 112 8 40 -4 -22 -78 126 -16 -24 -16 62 72 36 -8 -34 -98 -34 -4 8 52 -22 -92 28 30 8 -50 -34 -8 86 18 26 -98 36 124 -58 34 -54 18 -8 -42 58 -14 -6 -16 -32 -32 -22 10 -12 -16 -86 -48 -28 -34 -12 0 -36 12 22
18 102 -14 60 0 32 -46 126 4 -44 6 28 66 42 -26 -24 -86 -58 22 -34 50 -60 -120 60 0 -20 -2 -22 2 68 22 -42 106 -32 124 2 -6 -16 -36 -22 -32 66 -12 8 -4 -18 20 -16 4 4 0 -100 40 -36 18 -64 -4 -22 -28 4
4 118 -8 38 14 -22 -4 88 0 -70 -24 4 -26 -10 -2 -6 -88 12 -4 -44 52 -52 -116 -4 -18 8 46 -54 -14 34 32 0 -48 6 126 8 -2 -34 -2 -18 -10 -70 -12 96 6 0 4 -12 8 10 38 -126 50 20 -2 12 -12 4 10 -38
-8 110 14 18 16 30 10 -4 -18 -52 4 -8 -74 -8 14 2 -98 18 8 -38 56 8 -102 10 -18 2 38 -36 -32 40 24 -116 -42 -6 126 -6 -2 12 60 -2 -18 -76 -6 124 24 -16 -18 18 -4 36 54 -128 60 14 -6 -2 2 40 16 -18
20 78 24 36 46 -10 -30 -24 -2 -54 4 18 -32 -20 74 -8 -72 -12 0 -8 58 16 -76 -28 20 4 24 -52 -26 62 2 112 -56 -30 124 -36 8 -2 22 -38 -4 -64 -6 112 10 48 -36 48 22 10 8 -68 40 -12 -16 108 36 48 4 -12
16 34 26 -38 14 14 -16 -10 2 -40 -48 38 6 2 54 -30 -60 2 32 -10 92 0 -64 8 -26 -4 6 -62 -6 38 -6 -58 -28 24 -120 -28 -30 16 52 -52 -24 -64 -10 50 8 -12 -18 -20 -22 4 -52 82 -6 0 -28 88 40 82 -12 8
40 48 14 -30 0 22 36 -54 -10 -30 -56 44 44 -10 58 -52 -50 10 40 -12 16 -6 -18 -14 -36 22 12 -28 26 6 20 -64 48 12 -74 -36 -50 8 48 -62 -42 -44 -26 22 10 20 -74 -34 -12 18 -10 124 -30 4 24 -90 54 68 8 26
-4 126 2 4 8 10 28 -58 -58 -50 -60 58 44 -16 30 -48 -26 66 18 -20 20 -34 -20 -12 -56 -2 -64 -56 2 20 40 -40 34 -38 98 -40 -42 42 66 -6 -36 -6 2 -10 -16 42 -24 -58 -16 12 68 74 -20 10 20 -120 -40 20 4 34
-14 126 0 28 -16 -6 6 -80 -38 -58 8 72 28 -2 60 -22 -20 62 8 -8 56 -16 -34 26 -56 16 -62 -58 6 28 0 -56 -90 -8 56 -52 -2 6 72 16 -32 -24 6 10 4 18 2 -56 8 20 -26 82 22 -20 14 -96 -8 32 0 36
-6 126 24 56 -18 14 -46 -62 -12 -6 -20 36 36 -8 86 2 8 50 22 2 84 -30 -10 -20 -44 20 -18 -36 12 -2 20 -10 -32 118 -126 -58 -10 -8 68 2 -20 -22 12 -44 -36 24 -12 -50 -32 8 -6 64 46 10 26 -86 2 24 32 2
-22 124 4 -2 16 -12 -68 -76 -48 16 -12 60 4 20 104 36 -50 42 4 -26 6 -34 20 18 20 -36 56 -78 -28 26 -10 -62 -2 6 -38 -50 16 -18 50 14 -26 -52 -26 -16 -50 -14 48 30 -32 58 -4 60 118 -16 26 -104 8 46 -14 -92
0 126 34 -8 -10 -34 -80 -70 -66 -14 -58 94 24 -26 118 48 -58 70 24 -14 20 -12 60 36 -12 -38 14 16 -2 24 20 -64 -50 -126 66 -32 18 -54 84 40 -28 -12 -12 -22 -50 18 38 60 -28 -20 70 10 86 -4 16 -60 14 56 -24 -12
-16 124 22 18 -8 22 -58 -20 -16 14 12 72 32 -20 126 52 -48 52 68 -16 22 -22 88 42 48 36 -18 -48 -22 22 -12 -26 72 -40 32 -34 6 -52 76 46 -12 -10 -2 -28 -78 40 4 52 4 4 -28 6 -2 -24 22 26 -12 58 -6 -22
2 98 -12 12 -8 -10 -70 2 12 12 14 54 22 -66 120 30 -48 56 42 -22 62 -34 54 28 -24 -24 12 -26 -8 42 38 -32 80 118 44 -46 0 -44 58 14 -4 38 -20 8 -40 44 12 34 2 30 -96 30 -76 6 -22 -90 36 14 -18 48
-14 102 20 -20 4 -14 6 18 -30 -14 -52 56 24 -8 88 44 -18 62 28 22 66 6 -4 12 -32 -48 -4 -94 -12 8 34 -70 78 32 0 -28 16 -6 84 -24 -22 22 -8 -10 -70 -52 -42 0 -16 34 -50 64 120 4 26 -118 -2 24 -10 -44
14 12 40 -16 -44 2 -68 -4 24 -74 12 56 20 102 64 22 -26 56 6 -16 46 -36 10 26 -20 -2 -8 -110 -6 10 2 -22 6 -124 2 -48 56 -38 106 -4 6 -2 -12 -16 -82 18 -68 -44 0 24 24 -2 122 -2 16 -96 -22 22 14 -18
14 -56 -2 -16 -4 6 10 0 4 -32 -48 32 -8 38 74 -20 -24 44 80 -20 24 -30 2 10 -32 50 34 -72 -14 44 -8 -70 102 0 -30 -44 -26 -30 56 -2 0 -6 -14 -30 -30 -12 38 -14 -54 -2 -10 30 -54 -30 58 64 16 48 8 4
-30 -106 52 -26 4 14 -72 46 -4 -32 40 50 -16 62 120 -32 -62 42 60 8 40 30 6 12 -26 -54 10 -48 -14 66 -16 26 68 126 -10 -38 54 -14 76 -26 -6 -48 -20 -60 -90 -36 -8 0 54 20 -12 -20 -20 -28 -10 82 32 -18 -20 -48
8 -114 8 -18 6 -8 -56 22 -2 -24 -34 52 -6 -46 76 4 -32 38 70 36 52 40 42 50 -14 -54 18 -78 24 44 0 12 118 0 -2 -22 34 -28 68 -28 -16 -4 -16 -62 -74 22 -30 -34 56 -10 48 2 -76 -10 -18 90 18 14 -2 28
8 -106 28 4 24 -4 -22 20 20 -56 44 18 -34 -52 62 -36 10 20 70 -16 62 -34 20 34 -52 20 -12 -84 -14 46 -2 -24 48 -32 66 -26 38 -28 100 -36 2 14 -8 -50 -58 -54 -16 0 30 74 36 -50 -16 -2 38 -2 14 20 0 -24
-8 -122 30 10 6 -24 -62 -2 0 -58 -40 62 -2 -78 62 -28 -74 44 72 8 -26 4 20 14 -12 122 14 -104 -8 6 -30 42 -78 34 58 -42 84 -16 110 -56 -4 10 -30 -70 -118 -38 -50 -40 16 -36 32 -54 -44 -20 10 -58 22 4 6 -22
30 -122 -14 -2 2 12 -14 -28 -4 -22 74 -2 -34 36 26 -34 10 0 94 -22 102 -8 18 36 -22 22 14 -66 22 52 16 -28 94 -36 28 -42 38 -28 110 -42 -34 -42 -4 -72 -74 4 50 40 -42 38 2 24 -22 -8 66 72 -8 32 -14 -44
8 -124 14 30 -2 24 -112 52 26 -8 -72 40 -44 56 48 -8 -32 46 98 6 -10 -40 32 56 58 12 4 -40 -40 -2 -4 116 54 22 10 -52 72 -2 22 -92 -20 4 12 -60 -124 -52 -74 -40 -46 -58 30 -24 -46 12 18 88 68 56 2 -4
-124 -34 -2 4 -16 -64 -28 -2 28 -4 -20 -44 -26 0 22 16 60 -2 -98 2 120 10 -20 -42 20 0 38 0 -38 -14 22 52 16 20 -50 -2 22 -48 48 6 16 0 -52 42 -4 -68 8 6 -20 24 -26 38 42 16 6 -108 4 -26 26 -22
108 -28 -50 38 -10 66 40 -12 -4 -50 44 -2 38 -12 -4 -76 -34 0 16 12 -64 36 -4 4 -34 -10 -54 14 126 -16 2 18 -88 -30 110 36 -12 -10 -78 -12 -14 26 28 -94 -4 -52 22 -38 22 -20 124 -42 -78 -66 -10 50 12 4 20 92
126 4 -10 -22 -2 -92 -12 -48 22 -50 -30 -46 -14 10 -30 -48 46 44 -122 -40 -62 -36 4 -50 -34 34 -6 52 -62 -34 16 48 120 34 -66 0 8 -16 -86 -54 18 -22 106 -34 18 -30 22 6 -44 40 46 -68 6 126 22 -72 -4 34 -128 -54
-128 -6 20 8 -90 122 94 -52 -22 -94 22 72 40 -4 -92 -46 18 10 -124 -14 -96 26 -42 36 22 -14 36 42 -124 -8 10 14 -78 14 -34 12 -26 50 -68 -42 14 -6 -126 20 56 -46 -24 -24 -10 74 12 22 58 -2 -18 68 -14 54 120 -36
-28 42 -40 14 124 -48 -16 -32 -34 -118 32 -20 36 -16 -96 -40 52 2 -74 42 -40 -34 20 -80 -44 54 -14 64 126 -36 -40 58 126 10 -12 62 -40 -16 -82 -4 4 8 30 42 40 -54 4 -16 -32 22 28 -36 -18 -124 -18 -22 -22 36 124 -16
102 -14 4 -2 -14 -90 48 4 -34 -68 -62 -28 26 -16 -120 -42 -18 -22 -96 -6 -22 24 -30 -12 18 2 24 14 -20 0 8 32 -8 4 -16 6 -20 30 -100 -54 6 12 126 6 2 0 -2 -14 16 -44 30 26 12 10 6 -70 22 24 -124 8
-110 -2 30 -8 8 -18 42 8 -12 -82 6 -14 36 -16 -104 -54 -12 6 -88 -20 -86 16 -38 16 -12 32 -16 -2 40 -14 22 -22 -90 2 -14 26 -34 50 -66 -50 16 16 -112 -28 -2 -24 6 14 -28 14 -2 -18 22 126 0 -78 16 58 -52 28
102 20 -34 -34 -102 98 -18 12 -46 -98 -54 -30 62 -8 -96 -48 -34 16 -118 12 -100 74 -16 -42 -28 -14 14 -12 -116 -2 64 22 -70 24 -8 18 -26 20 -80 18 2 -6 92 -4 -4 -64 2 -32 -10 30 50 8 34 -76 8 -86 6 38 126 -16
-58 2 -12 -10 20 -56 18 2 -32 -84 -10 -10 40 -8 -78 -6 -72 10 -44 -30 -60 2 -24 16 -34 -2 -10 -38 110 30 -2 14 -32 -2 14 -8 -66 32 -84 -8 12 18 -78 -48 -18 -52 16 -36 10 -6 26 26 -4 62 -20 -46 12 50 -84 26
-10 20 -16 -20 -2 -100 4 42 -64 -54 8 6 8 -2 -90 -12 -110 12 -52 -20 -72 4 -32 0 12 -8 -10 8 -32 22 12 0 -62 12 -10 38 -28 18 -104 -4 32 12 32 -22 30 -50 2 -6 24 62 -36 10 -2 -6 6 -30 -48 12 4 -24
70 12 -34 -2 -60 64 24 12 -36 -36 18 8 26 4 -40 18 -78 8 -58 10 -38 24 -2 -18 42 -6 8 -18 -2 60 -24 -28 -84 -6 -20 -28 -2 14 -120 12 -22 24 -4 -36 0 -16 12 -32 -20 -4 -8 42 -16 -20 -8 -94 -10 10 44 22
-50 -26 -22 4 48 -34 4 32 -22 -32 38 -24 -6 -2 -32 4 -120 -20 -58 -18 -34 10 -12 34 26 4 -14 32 18 76 -26 36 -6 -16 -18 22 6 28 -118 -10 28 20 -8 -74 18 10 -6 14 18 66 28 14 12 12 -30 -2 -8 32 -36 6
6 -54 -46 -2 -58 -8 28 44 -22 -36 -4 -34 -2 -4 -42 12 -108 -20 -34 2 -32 26 12 -8 60 2 22 -4 24 60 -54 -40 0 4 -16 34 -22 10 -124 2 6 6 8 -50 20 14 -6 -26 -20 36 30 20 12 6 -28 -70 10 -2 12 0
22 -42 -10 -28 12 -12 26 70 -6 -32 18 -24 -26 -20 -14 16 -100 -14 -38 -32 -14 40 24 14 4 14 2 24 -12 36 8 -24 -86 -2 -16 28 -18 16 -88 8 24 -4 -6 -58 20 -4 2 -6 8 2 -2 -18 -12 -22 -2 -66 -14 -4 6 0
-14 -10 -20 -44 6 14 38 84 -6 -36 -14 -38 -24 4 -46 26 -96 -30 -36 -24 6 20 22 24 8 -8 -48 -6 14 26 -14 14 114 -2 -20 66 -46 12 -120 -22 16 4 10 -42 22 28 -10 16 -16 0 -4 -40 2 -12 -18 -44 -8 -6 -14 20
-32 10 -14 -48 -26 -10 42 78 0 -24 4 -22 16 10 12 2 -86 4 8 -34 14 -16 40 30 4 6 4 20 -6 -10 -6 -26 0 8 68 62 -38 -6 -102 -24 30 54 10 -26 36 32 12 2 18 4 -26 -18 -30 2 14 -14 2 2 8 16
12 30 4 -20 48 12 78 48 -2 -58 20 2 14 8 -60 46 -90 4 2 -38 -80 26 40 2 20 16 -26 -32 2 14 -26 -28 64 -28 110 32 -22 -38 -94 -12 54 40 -4 -8 14 20 4 -22 -4 10 30 -32 8 10 2 -46 -4 0 -20 -14
-12 44 8 32 -32 -2 52 102 -18 -42 -18 6 40 -10 -62 34 -118 -34 -14 16 -36 64 -68 -22 26 0 -10 -18 -4 38 -38 42 26 4 122 40 -20 -8 -88 -64 62 50 -6 -8 2 0 6 -18 -6 14 6 -70 -12 -12 6 -82 30 -10 16 -26
-6 78 -8 44 16 -10 58 94 -64 -26 62 14 40 2 -56 10 -80 6 36 12 -24 0 -98 -2 0 20 -28 10 10 36 -22 -30 116 0 104 -8 -16 -28 -92 -56 30 20 26 -10 10 0 6 -18 26 -2 16 -60 -30 -6 10 -2 -12 -8 -6 -34
4 88 -24 28 -4 -2 12 72 -34 -22 0 -20 6 20 -32 18 -68 4 8 6 -66 -62 -114 -12 26 -20 30 34 -10 20 -22 4 -28 24 98 4 -42 -22 -70 -46 24 6 10 50 36 -18 26 -16 24 0 10 -86 0 -8 36 16 -40 -6 -16 -2
-36 76 -6 16 14 -22 50 30 -56 -4 54 -8 -18 -12 -82 -10 -50 16 22 4 -36 -56 -74 -24 -26 20 20 -50 32 20 -18 -120 0 -28 98 -2 -62 -38 -74 -48 -4 -36 2 94 34 -44 4 -4 2 10 0 -84 20 10 -4 0 -16 26 -10 28
28 92 -22 20 -40 -6 -12 -62 -58 0 2 -24 -34 -18 22 -28 -40 32 6 -10 -78 -58 -64 -34 4 -6 8 -12 6 8 -14 106 -26 -8 -120 -6 -44 -36 -32 -20 20 -24 18 40 44 -40 -4 14 -4 10 40 2 58 0 10 -68 -24 36 -4 -2
-6 82 -30 -38 14 4 38 -50 -90 6 52 -24 -26 -18 8 -44 -18 10 12 18 -48 -26 -32 -40 4 4 14 -28 22 -14 -26 -26 -16 14 -112 28 -62 -28 -52 -56 30 20 -6 24 28 -8 8 4 16 -14 10 68 -12 -6 2 -80 22 10 2 -8
22 118 2 -32 -4 8 52 -70 -38 -12 46 -10 -36 -44 -46 -66 -2 12 -30 6 -80 18 -26 -2 18 -4 -14 -10 -28 -10 -42 -12 -10 -6 -14 32 -26 -4 -76 -20 0 60 16 4 22 -26 -2 -10 -2 -10 10 72 -42 -6 0 14 10 14 6 -8
24 124 0 -12 36 12 96 -72 -58 -28 -24 -34 -16 10 -26 -38 -10 52 -38 -2 -70 -38 -26 0 -6 -26 18 46 2 -32 -2 10 10 -22 44 36 -12 -18 -92 -28 14 24 16 10 38 20 22 -54 -26 -54 58 -2 -30 14 0 -20 2 14 0 24
14 124 -18 16 -10 26 106 -82 -52 -14 -40 -36 -6 -14 -8 -22 -4 34 -44 -18 -90 -44 -44 28 -12 8 -44 -6 4 -8 14 -12 -52 -62 -108 46 4 0 -60 0 12 10 10 18 32 32 32 -22 14 -18 26 58 -28 16 -4 -38 -26 -4 -12 26
-2 124 -16 -8 8 -10 82 -54 -46 -6 -30 -32 -32 -2 -2 14 12 18 -22 -18 -98 -6 -52 6 42 4 -14 12 -2 -20 -12 -14 42 52 -126 28 22 -4 -54 -4 12 14 4 24 22 -28 38 -28 -28 16 6 54 26 -18 -22 102 -4 6 -4 -10
8 124 20 14 -36 -10 28 -68 -34 -8 10 -54 -56 -8 62 -12 38 24 -44 26 -108 -24 18 -20 -4 2 -8 8 2 -30 22 -34 26 4 -18 22 12 -24 -48 -4 28 0 -4 8 -28 -10 8 14 14 -40 -62 -10 74 -16 -2 -30 -8 8 14 -36
-8 124 -22 -30 16 16 -20 -24 -54 30 12 -48 -30 -24 54 38 50 66 -46 16 -92 64 10 -4 42 -28 -34 16 -6 -18 -14 -48 -48 -114 62 38 30 -34 -46 50 50 4 16 -8 -64 -60 48 38 -2 6 36 -2 16 8 -20 -26 -6 0 22 -44
-16 112 -18 -38 -24 2 32 -14 -22 14 2 -40 -6 -14 62 48 54 0 -14 -6 -66 36 32 16 0 36 -8 2 -2 -32 8 -16 96 -10 8 28 32 -14 20 34 50 14 -8 26 -76 26 4 0 -10 -20 8 14 -80 14 -38 -50 -10 0 -10 -18
-24 -22 2 -16 2 16 28 0 -24 -8 6 -56 -26 -30 96 54 50 10 -34 34 -40 20 24 -6 44 14 -40 -44 -10 -22 -20 -18 36 48 -42 12 28 6 -46 10 22 14 20 8 -12 -14 -38 -10 -12 46 -10 6 -46 2 -16 -50 -28 4 2 -2
-6 -14 14 10 32 6 82 -38 -8 -26 -78 -60 -12 -14 50 38 42 46 -40 -2 -44 24 -12 22 34 -26 -10 8 -22 -16 10 -26 60 -36 0 34 64 18 4 54 44 -4 4 6 -60 8 2 2 -20 -18 28 -10 112 -12 -26 -116 -74 -2 8 -8
-26 -88 6 -4 14 6 28 -16 -22 8 16 -56 -26 40 44 20 20 26 -64 26 -76 14 -10 12 46 -32 2 -14 42 -46 16 88 -36 -96 -32 6 74 18 8 46 16 -2 20 14 -72 -68 -36 -44 12 -12 -4 -6 58 10 -32 -82 -48 -2 4 -14
-20 -68 20 -4 6 -2 82 36 -48 12 -28 -68 -20 -22 30 10 64 14 8 12 4 46 50 28 28 -4 6 10 26 -38 50 -98 112 -4 -2 34 52 10 -68 46 -10 24 0 16 0 34 24 4 -56 -8 -16 42 -90 30 -52 -72 -24 10 -16 -22
-8 -86 -18 8 -6 -12 2 -30 -12 22 8 -58 -6 2 80 8 -40 -8 -56 -2 -80 2 40 -4 44 -60 -6 16 -10 -20 40 72 16 70 8 32 68 14 -6 16 24 4 30 -2 -104 -2 -16 -40 56 -50 -18 -12 54 -20 -42 -102 -18 -52 28 22
-6 -54 -14 -12 -12 6 62 -38 -46 40 -38 -86 -8 -4 40 -42 48 24 -56 -2 -38 20 14 -14 42 -38 8 0 -36 -14 6 54 110 -46 -16 48 82 30 -72 48 16 2 18 -28 -58 -10 20 -8 54 -62 4 12 28 2 -22 -70 -18 -40 -8 32
-38 -48 -8 -2 -26 -18 60 -58 -34 30 28 -68 -10 -10 64 -42 88 -22 -12 28 -8 24 -6 0 32 -46 -10 -6 12 -22 22 12 48 28 -12 16 106 32 62 36 14 24 20 6 -60 -20 34 -12 20 -44 14 38 -4 12 -22 -76 -30 -4 22 -16
12 -62 -42 -10 -46 -8 18 -74 -46 -4 -92 -54 -20 -4 84 -26 26 -12 -18 40 -98 44 20 -42 18 76 -40 -36 40 -36 20 80 -14 34 -6 66 124 36 14 16 34 10 0 -44 -122 60 -60 -14 22 -56 36 -52 -20 -20 -36 -96 -28 -40 -18 -28
-2 -62 8 12 -6 -8 90 -58 -38 -20 106 -56 -28 12 40 -18 76 -62 -42 -2 94 4 4 -42 10 16 -2 -6 -26 -4 28 32 68 -14 -30 24 84 0 58 58 44 10 14 -4 -82 42 30 32 -28 -40 18 52 -42 22 -36 -50 8 24 26 6
-50 -126 -28 -14 -38 -16 -90 -74 -66 38 -14 -42 -48 12 66 -74 8 -26 28 86 -94 -8 2 -76 52 -42 26 28 28 -42 20 126 -26 58 -50 62 126 40 -88 -36 6 -20 0 -40 -122 58 -68 -62 -8 -74 -12 30 52 10 -62 50 -4 -22 10 -34
-124 28 -66 48 48 18 -20 -20 94 -40 42 -56 -28 8 104 -52 102 -28 -108 56 124 -22 -48 -104 -10 -2 38 -12 -40 -6 0 94 38 14 32 44 50 -12 114 -10 52 -18 -22 -2 -24 38 36 -8 -4 80 10 22 -22 -62 14 118 26 -26 68 -24
110 -46 -14 12 -34 6 40 62 -8 -70 114 48 20 -2 -68 -54 -52 -8 -42 26 -60 58 2 42 -82 -4 -104 -22 126 -26 -4 44 -58 -60 124 48 -18 -14 -102 -28 6 74 118 16 14 40 4 -48 76 80 124 -58 -124 34 -18 126 -10 8 -60 122
126 50 40 22 -84 -8 -46 22 36 -94 4 60 12 2 -120 -46 -8 12 -124 -16 -42 12 -10 54 32 -2 60 -44 -124 -6 -62 122 124 32 -12 -38 50 36 -78 26 6 -24 48 124 -14 28 0 -38 -48 122 -32 56 36 126 -10 -42 -68 44 -128 -72
-128 -22 50 -30 -18 122 120 18 40 -112 86 114 48 50 -114 -26 -70 -12 -124 4 26 -66 -72 122 118 -10 104 -40 -124 52 -48 26 -98 54 -102 14 50 122 32 34 2 -16 -126 104 6 8 40 18 56 126 -116 104 118 92 38 62 -16 104 118 -62
-92 -40 -50 -24 124 56 -38 22 60 -76 98 40 66 6 -106 -110 16 -32 -120 100 66 -54 -70 22 8 20 -6 -60 126 30 -48 122 124 -26 -38 36 84 30 -66 50 2 -74 100 86 -18 58 34 34 -24 114 -4 32 -4 -124 2 32 -34 78 126 38
72 78 -18 -10 102 -126 24 52 54 -114 62 -8 10 0 -12 -112 -18 -30 -122 48 8 -12 4 36 -28 -8 -10 -80 100 16 -56 44 -122 -2 -34 -2 58 36 -118 64 -40 -76 126 40 -38 44 -12 22 36 116 32 26 -50 0 40 126 8 88 -124 -40
-90 50 56 -14 -108 -34 -42 54 40 -82 90 -22 22 8 2 -76 -18 10 -124 16 88 4 64 98 -48 6 -34 -22 -36 20 -18 -42 -122 -18 -66 -34 18 92 -94 92 -58 -64 -120 28 -58 20 16 32 48 60 8 8 -54 126 40 114 54 126 -120 8
80 -10 -16 -14 -126 114 -76 60 66 -118 62 -106 38 28 -44 -62 -68 6 -116 108 72 -20 104 -42 -64 -28 -34 -34 -118 -12 -48 20 -108 -8 -46 24 84 22 -118 88 -54 -64 -100 0 -60 -44 22 42 20 90 16 38 -52 -50 86 78 34 104 124 6
-76 14 -12 -44 108 80 -92 66 58 -76 6 -72 -12 18 16 8 -120 20 -32 50 104 10 114 -24 -6 8 -34 -2 126 10 -72 -10 84 -2 -32 -14 38 6 -116 60 -64 -28 62 -26 -68 -40 -14 56 -8 76 -24 14 -34 -68 62 80 86 88 -26 -16
-18 -70 8 -24 108 -92 -96 28 48 -32 4 -26 2 22 -32 18 -122 36 -60 32 36 -34 78 -26 34 -12 26 24 -64 48 -64 44 -68 22 46 -26 34 14 -88 30 -28 10 -58 -54 -34 -52 -12 38 14 70 -14 54 0 30 48 72 -32 98 -38 -46
84 -22 -70 -6 -32 4 -64 -2 18 -48 -60 -28 -10 -6 38 20 -114 12 -22 64 28 -26 68 -86 4 -2 18 6 -20 100 -20 24 12 6 32 8 14 -20 -126 12 -46 22 46 -62 -14 -10 -6 16 -10 30 10 38 2 58 -28 36 -12 52 50 -54
-86 -58 -14 -6 4 84 -74 20 42 -30 -2 -4 -4 2 -6 50 -124 16 -48 18 106 -80 110 -6 20 46 26 -38 26 124 -56 56 72 18 -20 -34 30 42 -66 18 -52 -20 -52 -80 -12 82 -22 16 6 6 -26 66 20 -40 -74 38 14 40 -34 -40
36 -38 -40 20 64 -24 -40 -12 66 -48 8 -50 -2 2 48 72 -126 14 -4 40 108 -66 122 -30 -34 36 22 -64 -26 108 -64 0 74 18 6 2 36 8 -82 40 -52 -72 18 -112 -4 76 -2 24 -6 -2 -40 14 82 16 -40 -2 22 42 -8 -24
16 -66 -18 18 -6 -48 -16 12 78 -64 4 -18 8 -6 22 64 -126 0 -22 22 124 -32 124 -28 -18 8 18 -44 2 94 -64 -4 44 -10 22 8 24 12 6 68 -56 -88 6 -92 2 116 6 18 10 32 -22 -20 56 -14 -14 42 30 22 10 -6
0 -46 -14 2 -10 20 -52 8 100 -48 0 4 26 34 48 68 -126 44 0 0 114 48 92 -32 -60 24 2 -24 10 92 -42 12 90 -24 84 -32 26 -34 -48 76 -52 -46 18 -62 8 62 2 8 -22 -12 -36 -42 -4 28 -46 34 14 26 -10 -24
38 -4 -12 -54 -36 -20 -16 24 82 -12 18 16 64 20 46 42 -126 -8 18 28 122 94 100 -50 -60 2 -40 -26 -4 78 -38 -96 32 -18 122 -12 8 -8 -38 28 -54 30 -12 -60 -2 -12 -20 4 12 16 -34 -38 8 -34 0 -60 24 4 12 24
12 36 2 -32 -50 16 20 114 74 -6 -44 -34 52 2 10 -2 -118 0 14 8 100 10 96 -28 -110 -6 -2 2 -14 20 -22 -96 124 -8 82 -40 32 6 -58 -36 -34 64 32 -52 4 18 6 6 -2 -26 -6 -60 -2 -12 -26 -58 42 -50 -56 -14
-24 -12 -8 72 44 0 -32 126 44 -56 -52 -40 36 -22 36 4 -122 36 42 -44 -12 8 36 -44 -82 -10 -44 16 -12 70 -64 46 124 -2 54 -12 0 2 -16 -22 12 88 -48 6 -26 20 -36 -36 4 20 70 -64 30 8 -42 60 10 -60 52 -16
14 -26 10 84 -44 -6 8 102 42 -42 -32 -4 18 14 14 36 -114 66 84 -26 56 46 -50 -32 -60 14 8 14 12 62 -18 -62 122 -12 -90 -22 -28 -26 0 12 2 48 -6 78 40 34 16 6 -8 -24 52 -74 46 -14 -34 -68 54 8 -38 -16
12 -18 10 38 40 2 -46 76 30 -36 -16 -2 -12 8 58 32 -100 38 86 -34 76 24 -54 -58 42 4 22 -14 -26 38 -2 -64 40 24 -92 -48 6 -44 58 -22 22 -46 -6 124 4 56 4 58 0 -26 -6 -76 44 10 -36 -102 22 16 16 -88
2 -68 12 18 -12 8 -52 -2 -32 18 66 -2 -40 28 92 -24 -70 46 86 -4 96 24 -64 -16 14 30 56 56 -8 70 30 -126 -36 12 -120 -24 -36 -48 10 -30 -8 2 10 118 54 -4 -4 28 74 20 -26 -52 36 24 -32 84 26 38 -2 22
-2 64 28 46 64 18 -102 -66 -68 38 32 10 -18 14 12 -62 -42 66 80 4 46 58 -62 -42 30 36 4 -14 -30 54 8 82 6 4 -126 -36 -16 -54 -18 -28 6 -46 14 116 20 4 -2 70 4 -8 -94 -12 -16 -12 2 -84 22 18 24 4
-26 88 8 -52 -12 22 -104 -100 -70 10 32 32 -10 -6 32 -114 -12 46 46 14 110 38 -70 -38 58 64 6 -40 10 38 -30 -76 64 -4 -82 8 -22 -62 -28 -54 0 -24 -22 74 26 -84 -8 -54 8 -6 -26 78 -78 6 28 70 26 10 18 6
-14 74 -22 -72 -6 -8 -62 -92 -48 28 -64 18 24 8 22 -122 -34 40 16 34 66 42 -22 -8 -50 32 -34 -74 4 22 -12 -74 98 2 122 -4 -18 -10 -74 -28 -28 -28 -18 52 12 -8 -36 -38 -8 4 -2 86 -52 -8 30 92 70 -4 14 50
-52 32 -18 -54 -38 -10 -22 -86 -22 2 -16 40 56 8 20 -100 -32 104 0 18 40 16 -38 -2 -34 -18 -18 -40 -6 8 26 -24 -112 4 48 -10 -12 16 -26 50 -36 -2 -24 -12 -20 60 42 -58 20 18 118 52 -10 -36 44 118 -22 -50 -8 6
-8 62 -4 28 -32 -60 -24 -80 -52 -12 40 38 48 30 -62 -66 -18 76 32 10 56 52 -30 -18 -54 -12 -26 -30 18 28 -16 -20 -128 4 -124 -14 28 18 46 58 -12 10 -4 42 -36 24 52 20 40 10 120 90 88 -30 58 6 28 -60 -26 -16
50 66 4 32 -52 14 -28 -30 -12 -4 8 24 26 -24 -76 -32 28 38 22 -18 82 -4 -30 8 -44 24 24 -30 -8 18 -10 -16 72 80 -126 -20 50 18 -6 12 -12 24 26 -20 -42 -60 28 26 -52 16 -24 70 98 60 22 -56 24 -22 -44 -12
-6 -34 6 2 72 34 -82 -26 24 2 54 24 -12 38 -8 -42 -40 28 40 -28 -28 -50 6 32 24 -46 74 8 -10 48 0 -18 72 66 -34 -22 58 8 64 24 -2 -24 26 16 -122 -70 28 64 -26 64 -126 8 122 54 38 68 -4 -18 -8 -64
-18 24 2 -28 20 6 -104 4 12 -24 0 26 28 -24 -58 -12 -8 68 16 10 -38 -14 24 2 -18 -26 14 -38 50 -8 16 14 48 -86 104 24 50 -26 28 60 -20 -2 -50 -44 -122 22 18 74 -28 8 -20 -88 -4 -26 38 90 -8 -12 22 46
22 -76 2 26 -8 -20 -66 24 36 -34 -8 52 52 -18 -106 36 34 54 96 2 18 -52 -8 10 -48 46 -46 -36 28 38 -4 80 112 4 -84 -8 6 -8 -22 68 -30 -8 -12 -62 -118 -72 -18 52 -4 -2 62 -6 -76 -36 44 124 22 -22 12 70
24 -126 -46 68 -20 -22 -48 8 58 -22 -64 -16 -28 -42 38 -24 14 -30 34 -18 10 -64 62 18 -44 -18 -42 30 4 28 20 42 46 68 -82 18 34 -2 -48 38 -12 16 16 -14 -82 -10 0 40 -10 42 54 30 76 -34 -6 126 26 6 -6 60
-4 -126 -12 0 -20 -24 -18 2 -8 -10 -80 40 0 20 -26 -8 24 40 34 18 -36 4 -24 -20 -30 -62 -14 32 2 -6 12 54 -54 50 -10 -14 76 34 -20 18 -10 -30 -18 -30 -116 -76 -28 60 -4 -82 8 0 120 -20 34 -64 32 -44 8 18
-8 -126 -26 -26 4 8 -100 -12 64 22 -22 24 -28 50 72 -22 -34 50 50 -10 -42 -20 -78 -18 44 12 30 -28 -26 26 10 122 -16 -78 4 6 118 34 28 -12 -22 -74 -30 34 -112 44 -42 36 4 -8 30 0 8 -6 -6 48 22 -104 8 -10
38 -108 -26 -18 68 36 74 52 80 20 -68 44 12 10 -2 -34 -16 -10 58 -38 36 24 -32 -4 -14 10 36 62 8 4 -44 26 126 -34 28 10 58 -2 -110 -2 24 -4 36 8 -34 -26 36 36 -98 20 42 -2 -120 20 50 -68 24 -12 24 10
2 -114 2 -24 -14 -2 -74 20 46 28 -64 34 -32 60 80 -36 -114 -12 52 -24 -22 -40 -12 -26 6 -52 20 4 -20 66 -46 86 38 84 -6 18 102 14 -6 -72 -20 -6 -32 22 -124 18 -14 -6 46 -8 -62 38 -16 6 -4 10 40 -82 -8 -4
0 -24 -22 -56 8 -12 -52 58 56 36 -76 24 -2 -8 60 -2 -58 8 86 -22 -22 -20 20 20 -52 -42 -26 6 2 -2 -12 74 126 -34 2 8 120 44 -30 -34 -6 -26 -4 0 -126 -10 14 -52 52 20 -36 -38 16 -18 0 -72 28 -72 -24 16
28 -8 -32 -24 36 44 34 44 108 64 -14 42 -40 -28 124 -38 -16 -34 96 -30 84 -42 -14 0 -74 30 2 -56 -14 -14 -8 24 100 -4 76 -30 122 48 2 -20 -12 -26 20 26 -126 48 -16 -26 12 30 -18 -22 -72 12 14 50 26 -36 -24 -2
-28 -38 -14 -4 -22 -18 -46 58 102 54 -94 40 -52 -74 120 -70 -88 10 126 2 -56 12 18 28 -54 120 -20 64 2 0 -10 82 50 -6 48 38 124 66 -52 -58 -34 -20 -40 66 -126 -40 -12 -40 66 38 24 -102 -92 -52 24 -108 -18 -96 -32 20
28 -28 -48 -14 46 26 72 2 102 40 124 32 -46 54 76 -22 -40 -36 42 -42 126 0 -76 20 -58 58 8 24 0 58 8 26 26 -58 -14 -48 126 -6 -6 -30 -22 -24 20 16 -122 -10 50 66 -32 90 -58 10 -90 28 38 -74 -4 -18 28 -32
36 -126 -32 -30 52 32 -92 18 72 82 -98 38 -80 50 52 -76 -82 18 122 56 -86 78 -80 62 -58 12 28 64 8 -40 -10 126 24 -46 -82 14 126 64 -120 -126 -34 74 2 20 -124 -16 6 -42 2 8 -116 -40 -20 20 46 52 12 -32 -50 58
