-48 56 -30 -26 64 -72 -64 40 14 2 -6 -62 38 -48 -66 -22 -56 22 30 14 -50 24 38 -52 -126 -16 24 30 -54 -74 56 20 -54 4 56 4 112 8 24 -2 -48 -28 -34 46 70 -78 0 30 22 -42 -42 0 32 20 -102 36 -44 -40 2 34
0 -26 -32 -32 96 -64 -6 -22 -6 0 -30 -16 -96 20 -12 12 -26 14 -32 32 12 -12 40 -20 6 -2 0 -8 -106 -46 4 10 0 22 -22 30 -24 -28 -12 36 -8 26 86 4 42 -18 -18 -20 -98 -12 16 -50 22 -20 22 38 10 40 -66 -64
6 112 62 2 28 62 -54 -4 88 2 44 -124 -74 -116 -38 26 -38 20 80 76 -42 58 68 -46 16 -2 10 -74 126 32 60 20 -100 62 -20 38 -38 58 -104 -60 -24 -124 78 -38 88 -50 -98 -46 38 124 88 28 -6 -28 84 16 12 66 112 100
26 -62 -18 -12 -52 -84 -48 -12 52 26 42 -8 -26 -18 98 124 -38 -12 6 72 -36 -34 -52 -92 36 -50 -14 -88 -38 -28 100 -12 -2 -2 -12 -6 -10 44 74 46 -14 50 16 -32 14 -26 -86 26 56 26 -70 14 -6 64 18 -36 40 -2 50 -22
48 -40 62 38 -46 -98 -50 -16 -72 -8 -2 -104 -30 -124 62 -56 72 -58 -38 -48 20 78 -8 -70 -126 26 50 76 -54 -38 68 48 -54 4 -50 54 18 56 -8 -72 48 -74 68 -90 64 -36 -46 8 44 -74 -92 94 -2 -22 -66 -44 40 -106 -34 40
0 28 110 84 -74 -78 16 48 -28 10 -40 -74 36 -108 -48 4 42 -44 -68 -30 40 88 -18 -82 -88 8 44 80 -40 8 50 -10 -124 -22 -52 30 -48 70 26 -56 62 -46 54 -48 -4 6 -40 0 38 -78 -36 52 -12 -16 -46 -32 22 -122 22 12
-50 -56 -20 -32 -112 -70 28 16 46 30 -78 -12 -8 -10 6 46 -34 14 10 8 -6 22 -40 14 28 -48 52 84 50 -56 38 0 14 -10 -10 14 -18 30 -8 -10 22 -88 30 -36 2 -20 -36 28 -40 60 -124 52 34 72 18 -30 4 12 -4 82
-4 18 -6 -14 52 114 -52 32 -46 -6 -40 10 34 6 52 -48 -36 12 46 16 -20 4 30 38 -58 -82 14 -30 16 74 -30 -2 36 0 44 -50 4 -60 -30 -68 2 30 -22 6 -20 36 60 116 -126 66 -84 30 -36 -56 12 -30 -56 24 50 -70
4 104 -14 30 -30 -102 24 40 52 -22 14 66 -6 20 -10 -60 24 -10 -24 -24 -10 22 -28 -88 18 -34 -28 -30 16 -22 -52 -22 16 30 -2 -14 16 104 -6 -48 -10 36 40 -24 -22 -20 -30 -18 16 -10 -6 8 38 -62 2 -98 -40 -8 56 20
-30 -84 62 -6 20 76 -66 2 -38 -16 14 -126 -20 -90 -92 10 4 10 24 14 42 56 20 38 -10 48 48 98 58 54 -50 32 46 -20 -4 44 76 -30 -124 106 80 14 -6 0 34 42 28 34 38 36 16 50 4 -10 -2 26 -18 -104 -68 -72
6 -22 -40 -16 62 124 -20 82 -92 -2 70 94 -24 6 -44 0 82 -8 38 36 -12 8 12 122 50 40 -50 -48 26 40 6 22 52 -44 4 -56 -10 -68 -84 58 -36 12 -78 26 16 8 42 38 80 84 -90 -18 -10 -56 -8 30 -8 14 -2 -82
-94 46 26 10 14 124 -54 52 -126 6 -98 -72 22 102 30 60 -90 100 -2 -52 6 38 16 -78 96 48 -52 -110 -38 -52 -78 38 22 44 -74 -30 32 8 58 118 -24 -2 82 54 -42 70 12 -20 -44 -82 90 30 -22 -22 -70 -36 -14 36 14 40
-64 -100 -38 -16 -38 -124 -50 54 -8 20 -66 104 -28 58 -44 -82 -20 -36 -10 62 0 -14 20 14 -72 -86 -110 -2 -52 -16 -66 -8 -60 42 -16 34 -46 12 16 -100 22 70 72 2 22 -22 98 -70 68 72 -64 -118 20 -4 -12 126 -14 -36 110 -44
18 -56 -44 22 -16 -108 -22 -66 -68 -4 -66 -52 0 -28 22 -70 46 12 8 50 8 12 -50 -124 34 -12 10 54 42 66 90 -2 -78 58 -44 60 42 92 60 -34 -72 18 2 -2 48 -24 4 -14 -14 -82 -86 18 70 24 -40 -26 -4 -68 -38 -74
-32 18 -92 -22 76 28 -62 -42 -36 56 -36 -84 54 -94 18 22 -66 16 -8 38 8 32 54 -8 -10 30 40 -32 -104 -54 -10 52 -66 -30 24 26 32 -58 32 -112 -10 -50 -80 -14 42 -10 -32 -74 -14 -82 34 -24 4 -14 2 -28 -92 -2 10 -42
-36 -54 32 0 26 -18 28 0 18 -38 -12 -128 -34 4 46 -88 -56 -8 -26 -40 -20 72 -22 -84 4 -30 54 14 112 62 42 -32 10 0 -34 16 60 -6 10 126 46 -26 24 -48 88 -66 -60 8 34 -96 8 76 -58 10 -6 -82 6 -42 12 40
-28 -20 20 -46 46 -124 10 58 -44 24 38 -52 30 66 76 -50 -44 60 -80 34 -20 28 28 -46 4 -60 20 24 38 6 60 4 -36 16 -50 54 -2 -6 124 34 -12 -70 -22 -42 12 -36 -70 -126 76 -126 42 26 -62 110 44 -48 12 -36 -82 -62
-56 -84 10 -4 64 124 -78 48 -56 -32 -26 -46 -36 4 -72 66 64 -20 44 -4 -34 -68 24 26 16 -8 -26 62 80 6 20 -16 14 -58 12 -60 -18 -88 -38 -100 -30 -56 -86 62 2 2 -52 54 80 20 10 44 -100 40 -8 44 18 -24 -22 6
22 -110 18 -52 -48 -36 20 10 -46 10 4 -126 -28 20 -18 6 -70 38 -30 -6 -2 18 -32 -66 -16 -18 -22 84 52 48 -64 -20 36 10 -48 -24 40 104 108 124 -30 -76 38 -44 58 -30 0 -22 -48 -84 48 38 0 2 10 -44 14 -48 -106 2
-52 -126 -34 -14 -60 -82 12 46 34 22 56 22 -14 24 42 42 -66 -50 98 -54 -8 78 -100 -124 66 38 84 98 2 46 124 8 -72 -56 -22 -6 54 36 -46 42 126 -80 -106 -46 74 18 -84 -110 -96 118 70 68 46 28 -18 66 -6 -70 102 100
38 -92 10 -12 2 -20 34 -62 -22 10 -26 -24 46 32 2 -6 -40 30 8 14 -22 10 -22 24 -26 -18 60 30 56 22 -90 -10 44 -6 18 8 -44 34 -18 52 34 -2 54 -10 -8 16 -64 28 4 -6 -126 14 -18 6 32 14 -6 -54 -8 -50
-8 80 16 -46 28 2 -74 -48 -6 52 -50 -26 12 26 56 -48 12 48 -44 -16 38 -18 -8 -50 -10 -62 -6 124 66 34 38 -32 96 6 -16 -20 -26 -16 72 0 10 -40 46 -8 -44 6 92 -18 -58 -48 -10 -28 26 -42 60 8 48 -24 -112 48
32 98 -24 40 -122 82 -6 14 -94 -26 -8 22 32 -44 -94 -112 6 -36 10 -48 -12 20 22 -44 4 -126 -2 -4 -28 -16 -16 20 24 -20 42 -82 8 -12 -46 -34 -58 8 -100 -16 -12 -10 -44 -70 -98 80 -12 -12 -48 -102 16 -30 8 54 56 52
-82 -70 54 -4 -60 -74 -56 -12 16 -6 6 -30 48 -80 -26 -58 -84 -8 30 -64 -8 80 -22 -44 22 70 -28 78 46 -30 110 -24 -58 -36 58 -48 98 50 0 42 -82 -80 20 -44 74 -54 96 40 -4 68 -24 -40 38 -90 -70 26 -4 -40 42 -40
14 -114 32 -22 56 -32 14 -86 20 52 44 -58 20 64 72 -26 -68 -20 -22 -66 -16 -24 -12 -56 -38 -32 -22 80 -10 0 -30 24 -58 -22 -4 54 4 -20 126 54 -10 36 50 -12 -16 10 -40 -18 42 -90 20 -8 22 32 -14 -6 76 42 68 -58
-28 60 6 -28 106 -94 -4 6 -38 -6 22 24 10 0 32 -4 24 34 -10 -22 -6 44 -12 -122 -8 4 16 -38 16 44 88 6 -64 20 0 4 46 -40 80 -78 -16 -20 6 22 36 -6 -2 4 -34 -64 -72 -62 60 -46 -36 -70 12 -14 -10 16
-30 -98 -2 6 -62 -10 -4 22 70 16 70 6 8 56 82 -68 6 -34 2 68 -10 -14 -42 -90 -22 -44 20 -126 -46 -40 110 -10 -52 16 -22 36 -32 14 70 68 28 84 100 0 40 14 -12 100 112 -28 -70 76 -12 6 14 -54 60 26 -20 -18
-26 64 2 22 -60 60 -2 38 32 -22 42 -8 -56 48 -38 -26 14 20 -8 24 -8 -8 -30 -70 -36 -16 -126 -74 -14 -32 -90 -10 -22 10 12 -26 -28 32 60 86 -60 42 78 -8 -38 -54 -30 -4 -24 -68 -40 -88 -14 -26 -14 -46 -50 46 10 4
-34 50 28 -10 54 -46 -40 12 -74 -8 -36 -28 8 -54 80 36 -6 -34 10 -4 -46 54 50 -60 -78 14 -28 28 -78 -82 -20 8 -32 50 36 48 112 32 18 -28 -70 18 -38 16 86 -72 -32 10 -24 -60 -84 44 2 36 -82 -22 -4 60 -14 6
12 -14 -16 -26 -80 86 -68 -64 -88 -20 32 58 -34 -62 -64 -40 -122 -34 14 -72 0 -42 2 -86 -78 -24 -28 26 -10 6 -88 -24 -26 50 8 -30 -18 -34 -126 -58 0 58 16 46 -34 2 16 -6 -72 126 8 -46 6 -38 12 42 42 30 -38 -46
-38 4 38 -36 -6 -66 34 -32 -6 26 56 -22 34 30 36 -10 -80 100 28 18 8 -32 -14 -60 -50 -40 -34 18 70 16 -34 34 -50 -28 18 50 -62 -36 80 -34 34 -124 4 -18 -4 -34 4 -28 62 -24 -50 28 48 30 96 -6 90 36 -66 -18
6 -46 -6 -26 -126 46 36 46 6 -2 -128 -56 -6 10 -12 -8 -24 -2 20 12 -2 -16 -22 72 -24 56 -28 24 20 28 -18 2 6 -28 -8 -50 -10 -10 -48 36 34 -42 -40 6 -10 -4 28 16 -14 12 -128 -16 -54 -18 -18 22 -6 24 -18 -20
-40 -42 -46 -16 12 64 -76 14 -52 0 16 -10 36 -36 16 -8 54 -12 -2 16 -8 -8 56 106 8 32 72 -24 24 -16 -52 10 -50 -34 22 14 10 -64 -42 -26 -30 -64 -52 40 18 -30 40 28 -10 -34 -128 -28 -92 -10 34 40 46 -6 -44 -32
-74 46 12 28 -100 -122 -24 -36 -84 22 -76 2 -60 -86 72 -4 -44 8 16 -82 -12 48 -26 -92 60 -12 44 94 -54 -14 64 10 0 4 22 -58 50 20 -34 52 -12 -46 46 -28 44 -6 -2 16 114 30 -70 52 -48 -26 0 40 48 -26 42 -36
10 -80 -12 -86 -82 -98 -82 -12 66 34 -58 -2 -58 -28 36 42 74 -18 -38 -82 -54 12 -42 -42 -32 10 -6 -26 -34 58 44 20 54 -44 -16 -76 26 16 -40 66 0 -56 -32 34 14 8 -20 28 32 18 -44 12 -4 -42 -28 126 30 64 2 -50
-26 14 -42 22 -8 52 76 20 6 52 -12 -124 -84 22 14 -34 2 -32 20 14 -20 18 16 -44 12 54 -56 42 42 12 -2 -8 4 -12 -24 -4 -80 -68 -66 -26 44 6 -124 -40 34 48 36 -20 20 32 -58 40 -122 -24 80 62 -36 94 -56 -2
-22 -58 10 38 8 38 -44 14 -80 -4 -38 -112 -108 24 70 46 -12 4 26 44 -64 18 64 -6 -82 -36 16 22 2 22 -72 6 8 -26 -8 24 -32 -4 -42 48 -8 22 -32 20 10 30 4 14 -42 -28 92 44 -50 -18 14 -82 -54 -30 20 -26
-84 110 -6 0 58 -26 106 0 0 0 -38 -52 -76 32 40 112 76 -96 50 2 -18 -22 -100 -110 84 -24 -18 90 -70 36 30 0 24 -52 -12 26 52 30 20 84 -22 88 4 -10 40 -38 -64 -86 -62 -90 -46 74 58 74 -62 70 -60 72 -98 -62
-52 0 -28 8 56 44 -4 36 42 -98 -64 40 14 -90 -56 58 24 -66 70 -14 84 -48 -48 68 102 8 -52 46 -58 12 12 -40 -2 28 8 -76 -20 34 -64 20 -64 86 -78 10 -34 -32 8 54 22 60 -54 -112 2 -70 -38 8 -6 -24 52 -18
-4 124 -6 -60 -66 10 74 -46 -6 58 -28 96 -60 30 56 84 46 16 56 26 4 22 -28 48 40 -20 -40 8 48 54 4 -38 66 -6 -26 26 64 -78 -36 8 116 70 28 -18 18 24 -62 32 -64 24 -62 -76 38 -44 -50 74 -22 -80 -62 70
-32 10 12 10 -98 -110 16 60 74 0 -16 124 42 -46 -22 6 40 46 6 6 42 72 -2 -14 108 -6 58 52 -16 -2 70 0 28 6 -48 -28 68 62 -58 -62 22 -6 62 -36 -16 18 -66 26 -84 70 80 -54 70 -18 -48 -6 70 -128 -82 -6
12 -38 -12 -18 -40 42 -34 -30 -20 54 -24 -48 -26 -36 52 -50 40 -18 16 74 18 -60 -52 -98 4 40 -44 -26 72 8 -10 -6 -14 12 -34 -48 -18 52 60 22 -90 24 40 24 -36 -4 88 -82 -18 -24 68 -22 -46 -4 20 20 34 24 44 -78
-72 2 12 126 -78 -34 -8 50 -46 18 52 -60 20 8 -104 66 60 -48 -44 -32 44 126 -20 -52 52 58 18 74 -12 2 14 -10 -126 -34 -80 10 -108 60 32 -64 4 60 8 -54 -54 78 52 32 58 -46 -108 -28 -12 44 -28 -40 26 -8 18 -24
20 -126 -12 -44 -76 -82 -92 42 58 -4 28 -16 -66 46 80 66 -50 14 6 -4 -24 8 -4 -12 -40 56 -52 124 60 -34 -30 -18 70 -42 2 20 -34 -18 14 -102 22 -56 -6 0 42 28 -48 -8 -42 4 -44 -22 74 -96 4 36 32 -22 -120 -52
-14 106 26 -8 -84 -110 -38 0 50 8 -28 126 92 -26 16 -2 -10 20 -62 -46 34 48 -104 -124 66 52 -92 -22 -92 -32 -48 -10 -38 10 18 -34 36 84 -20 18 90 12 -28 -66 -14 -14 -26 -32 -34 10 8 -124 124 -60 -10 74 -16 80 -58 -30
-90 -58 -8 34 -72 -4 -50 14 102 44 -36 -52 12 32 74 68 8 -44 22 -26 -40 14 10 -84 -32 32 -10 -126 50 -22 -44 16 -60 12 20 4 26 -36 -34 96 -2 -52 -74 10 -16 24 18 8 46 -78 -62 62 34 34 -22 4 12 80 -16 -30
62 -32 12 -4 -36 -108 44 50 42 32 -28 18 -8 -20 -4 40 -40 -24 14 -36 -66 34 18 -86 42 -4 56 14 0 -10 70 4 62 20 26 -66 32 68 28 34 8 36 8 2 -10 -6 12 -2 -42 -92 -82 46 62 -44 -24 -84 0 2 54 -6
62 -40 -36 0 -86 -90 -18 -2 26 16 -96 -16 -12 -14 66 42 -50 -36 20 12 -12 18 -8 -124 -10 2 20 22 -4 8 62 12 -32 24 -18 42 10 56 24 -62 16 32 -22 6 8 42 -18 50 28 -60 -80 48 -34 -40 -38 -44 -10 -62 -38 20
62 30 52 -14 -36 -90 -44 -30 -62 14 -6 -44 -28 -46 68 -52 -36 18 -30 -16 -6 44 64 -126 -64 46 -48 -4 22 80 92 0 -8 22 10 -4 50 74 100 -56 -60 -58 66 -72 38 -30 18 -70 -6 -38 -100 -6 34 -22 -8 -34 6 -90 -22 -8
48 -42 -46 -30 40 -68 -8 2 58 -54 80 -128 -60 -12 -12 -28 -56 20 16 -38 14 -6 -56 -70 -48 -16 10 56 68 -26 -96 -14 -50 18 -2 8 -36 -60 102 72 -2 -2 4 -12 12 -54 -38 10 36 -118 -6 40 50 30 2 -72 -50 48 -56 -32
20 68 -24 -48 68 -52 12 -36 70 40 -38 -36 18 -34 -28 -66 70 -48 36 -46 22 54 50 -114 -8 32 8 8 20 32 80 -10 64 44 24 10 34 70 -58 34 62 -40 46 -50 -24 -12 -44 -46 110 24 124 46 -32 -30 18 -54 22 -50 48 -56
58 -54 24 -32 -100 110 36 6 -64 -36 -28 22 -12 30 20 -54 -12 -50 22 -36 26 18 34 -100 -12 54 4 -84 -18 50 -44 4 -30 24 0 -50 -18 -22 18 -62 -44 -2 -34 28 22 44 -126 -30 40 56 -90 2 -18 24 18 32 30 -26 -76 -76
28 -44 18 70 -114 0 -32 22 -48 2 -48 62 -62 -30 -48 40 22 0 -56 0 -50 4 16 -82 44 52 -14 -10 -10 30 46 28 -48 32 -74 26 38 -44 -32 14 -26 -14 -62 16 14 24 -58 4 -34 36 -98 -4 -66 -64 -30 122 6 14 -54 -68
-12 4 60 98 -56 -48 -22 54 -20 24 28 -90 44 14 -36 48 16 -48 -52 -34 22 126 -26 -80 124 46 8 62 22 8 28 -10 -126 2 -78 34 -80 60 30 -52 30 24 52 -66 -44 66 -36 -16 46 -62 -50 16 -22 20 -28 -34 -14 -66 30 40
-44 86 46 -40 -34 -82 -26 -32 70 0 16 -44 -10 -100 -8 -8 64 38 118 -4 -42 64 -52 -126 46 68 16 2 90 -42 50 -2 -32 -4 6 -66 64 52 -124 78 34 -84 46 -34 46 -48 22 -14 18 68 72 6 80 -4 -26 -2 30 96 -18 -48
-78 -16 -54 56 -28 16 -46 66 -68 -24 -112 -88 -18 -74 -14 -30 -62 -74 30 -12 -58 -8 30 4 -54 6 68 -6 -58 -92 6 -58 -60 -12 12 -8 12 -82 48 -68 -78 16 -64 -38 68 -52 46 -52 34 -88 -128 14 6 24 8 8 -20 2 60 82
-20 38 24 -24 12 62 42 -58 4 30 52 -114 -88 72 -36 -36 98 -86 26 -42 36 72 -2 -38 42 28 36 -38 2 32 56 6 100 34 10 -8 48 56 -124 68 -32 2 70 -42 -24 4 -16 -62 -18 -82 -92 32 48 -6 -54 40 -16 -48 72 58
-22 76 -74 16 -34 44 44 -20 32 18 4 122 18 -12 -82 52 68 -4 -10 58 34 -68 30 68 -36 26 52 -42 -124 -14 -80 -10 58 -66 50 -60 -58 -64 -92 -126 10 -28 -104 68 -8 22 -62 -58 8 106 -68 -76 -94 46 44 56 32 -48 30 88
4 44 42 16 24 -4 -56 -14 -56 -38 -28 -56 14 -10 74 50 -56 -16 6 -14 -22 44 40 -66 -72 4 10 34 -82 -92 34 -16 -84 40 36 6 114 6 12 58 -50 -10 14 20 96 -56 -42 -10 -16 -54 24 64 10 8 -64 -44 -12 52 -14 8
14 62 -24 -40 -48 -124 -2 42 50 8 -44 -8 -22 -62 -16 48 126 -16 36 68 6 40 -14 -30 14 0 0 78 4 60 56 -12 -18 12 -20 -4 -2 36 -56 -52 60 -34 26 8 -26 -24 -36 46 18 -98 -114 54 10 8 12 -38 -28 -40 -60 -6
-28 -22 -10 -14 22 0 36 -30 0 -6 2 -4 -10 16 72 -6 18 -18 -12 8 12 -66 -8 30 -54 -4 -22 -8 -4 -34 -28 4 12 24 10 30 48 18 -4 -2 -32 54 -24 32 26 -28 16 -14 -10 26 -64 -44 -36 -54 -10 -42 36 94 -22 -46
-20 20 30 -24 14 22 -4 52 -12 18 -60 -16 12 30 -28 4 16 -38 10 -22 30 4 -14 -18 0 -14 52 -42 30 24 44 6 30 4 -8 10 26 36 -24 12 -6 -18 -62 -38 -10 6 42 -8 -32 -56 -70 4 -44 34 -26 -30 -32 -112 12 62
64 -22 -40 -36 20 -122 64 8 2 -32 -68 -40 16 -28 12 60 48 0 32 16 6 -34 6 40 -70 -24 -68 20 -36 -12 56 -40 40 20 36 -42 -28 -10 6 0 -52 -90 4 30 -14 -34 -68 -44 26 -32 -98 -66 -18 54 -22 8 8 -64 46 42
68 -40 -30 14 -18 52 -44 -8 -62 10 -34 2 -4 30 -54 60 42 18 -46 22 34 14 0 -32 -12 -42 50 -40 62 -10 54 0 20 40 -2 -4 -20 -48 4 4 24 -26 -6 0 -32 36 -6 10 -70 48 28 0 -12 -64 -34 -10 -40 -30 -20 -16
-46 42 -36 26 -42 10 -28 -20 48 52 -24 -4 40 -44 -10 56 -38 -36 16 44 38 16 36 28 -114 -60 4 58 -64 -66 38 -24 -40 -30 -20 -32 -22 30 -52 62 -36 38 -46 -6 60 38 40 16 -6 74 -60 0 60 -20 20 20 -28 -40 40 -66
-62 -16 -22 8 -40 46 -26 -42 -4 -14 38 -2 -32 -42 16 4 44 6 8 -6 22 8 46 -2 -100 -42 -4 36 -64 -58 40 20 -58 10 -30 -28 -40 14 -40 -16 -2 38 -54 -14 28 46 60 -2 24 20 -30 24 32 6 38 24 -30 38 0 -24
62 -34 4 4 -72 -20 -48 -30 54 -4 -50 -28 16 -16 -32 -20 38 -36 -50 20 20 -2 48 44 -50 0 30 30 10 -20 -36 -4 40 12 6 12 28 34 28 -20 0 74 -44 -8 2 0 20 -30 -40 -44 4 28 -40 -16 -6 18 -12 -22 32 -62
-6 -30 38 8 12 -40 20 -26 16 -2 -24 14 -2 -34 -30 -14 46 -2 -46 -22 28 -4 -46 34 48 -28 -38 -2 -44 -6 -6 8 -34 4 0 16 -16 86 18 30 -74 -52 -10 -26 -6 -36 8 14 -2 -34 88 -18 -2 52 -6 6 30 -56 -80 -12
52 -72 10 -50 16 2 -52 -72 52 38 40 -30 0 0 72 -2 -16 32 44 20 -8 12 58 62 32 0 -6 -14 -54 -24 32 14 -10 -8 0 20 -4 -34 -2 -20 10 -14 8 4 -2 18 60 4 -74 -36 30 4 34 0 4 30 -6 -8 -20 -10
62 34 -4 16 -72 -4 18 22 36 30 -24 50 74 -36 76 38 20 -2 -32 -14 14 -34 -44 20 56 -24 16 40 -46 -36 -4 -16 -70 24 10 -14 -6 74 -38 -48 -112 -52 22 30 -60 -26 -62 -50 52 70 -72 -38 -50 60 -14 28 52 92 24 36
68 36 2 22 -60 60 -6 6 4 -12 -34 28 4 -8 12 38 -18 12 -24 -44 38 -10 24 -34 8 10 -8 -40 -14 36 -42 -2 -18 2 0 32 34 -46 22 32 -24 -26 102 -10 -6 8 -36 -26 -36 -98 -32 -12 -6 14 12 10 -2 -34 -6 54
58 -52 60 -42 -54 38 -60 -36 26 48 40 10 28 42 32 46 -30 30 -66 4 -40 -2 10 46 -4 22 72 -50 -62 -44 16 8 -44 48 -20 10 52 -76 34 26 80 86 -52 -46 16 -4 -86 -54 -42 -76 -58 6 -18 -56 0 -6 -34 -126 68 72
74 -102 26 -12 8 108 -14 -18 14 -12 -20 60 -6 -16 92 14 -38 26 14 6 -46 20 46 -70 44 -30 -74 -32 84 -64 -2 -24 48 -46 54 8 -2 6 -14 -4 26 -70 -34 2 2 -28 -10 18 38 -50 -6 -52 -28 68 50 20 -12 106 76 74
-88 38 16 8 8 12 -44 8 34 40 -24 -28 4 24 46 66 -54 -36 30 -58 -60 -16 -4 -100 28 12 26 58 -26 -24 58 -18 18 -34 40 -60 -60 -78 -54 22 10 -42 20 62 -14 46 26 -36 -36 62 6 -8 10 12 -6 18 12 6 48 50
-2 6 56 -50 -54 -64 30 38 74 -30 -22 26 2 0 -72 -24 -4 -52 12 -20 50 -48 -14 18 -2 -12 -46 38 -74 6 90 30 -72 -34 -34 -26 10 -18 -10 116 -122 -22 -6 24 -32 -24 72 -2 -36 46 -30 -78 46 -30 40 20 -28 96 10 34
82 60 -44 0 -32 -64 -76 -4 -32 30 -42 -82 18 -2 22 38 62 -4 18 48 -22 -10 62 0 4 6 54 -50 -34 -72 -6 22 20 0 26 -10 -6 54 4 42 -40 -56 84 50 -12 50 40 -2 -66 70 12 2 4 -54 18 0 0 22 54 -4
-22 42 -16 24 -54 54 -54 12 52 -18 30 -6 12 -44 58 0 -4 -2 -10 -18 -40 -30 24 60 -40 -10 28 -18 -58 -26 -6 4 -6 -38 34 -22 6 -36 26 -44 26 22 58 36 -46 38 2 8 30 -42 -42 -10 44 6 -48 -22 -36 82 56 -14
10 -8 -20 10 4 6 34 -64 24 4 74 24 14 -42 38 -56 -58 18 -32 0 36 48 12 -28 52 -16 62 8 -28 12 -8 54 -6 20 8 62 12 -40 26 10 48 56 14 -30 24 0 32 -30 10 8 -38 2 30 12 12 -22 -8 84 0 -38
-54 36 18 24 -8 50 -22 -2 30 -6 28 -14 -40 -42 -2 -60 30 -16 46 24 -16 -4 30 62 42 16 -50 -14 -76 -36 20 24 -12 -12 52 24 -10 -42 -4 30 76 78 -94 -14 -18 24 40 -20 0 6 -80 48 -6 -22 -16 32 -36 -74 6 -28
86 -126 24 -34 -6 8 42 32 -16 32 -30 12 18 -74 64 52 14 32 54 52 -22 -8 14 62 60 -22 44 42 46 30 8 6 -52 -40 -24 -42 -46 52 -12 62 -118 -56 98 38 -14 -4 -110 28 -16 58 -42 46 18 60 34 54 42 126 82 68
-54 -52 2 26 -34 64 -44 -14 2 -12 36 14 -8 -22 -58 -22 -64 22 -20 -6 22 10 -2 -6 -32 -20 -22 -38 -2 40 -64 12 -40 12 -6 -32 -8 -20 -26 -12 -24 54 36 -2 6 4 2 -28 -50 42 -100 0 32 -12 24 16 -4 -64 -10 -2
-40 68 -22 -14 -6 -38 -92 6 46 -24 -2 10 -32 -30 -16 -30 -8 -44 26 18 40 -2 -32 -20 -6 44 -10 44 -20 14 -32 -4 38 46 26 -16 -22 36 -10 -36 10 -28 30 -24 38 8 -104 -58 -52 4 22 -6 -62 70 -16 18 36 58 -38 104
-98 -72 42 -8 -38 -18 -28 -4 -20 8 -48 -28 -28 48 48 -26 -2 52 36 12 14 -4 -12 20 70 -34 -4 -12 46 50 0 -4 -58 -24 -12 -12 -6 -72 36 68 52 -10 -40 22 -6 18 40 22 40 -24 74 18 46 -2 28 24 16 2 -24 -58
98 -28 -42 4 78 -34 82 36 18 52 38 12 -64 108 100 -64 -32 -22 40 46 -38 -12 66 -64 -16 -6 -2 28 -60 -62 24 14 26 -6 -42 48 10 -44 -30 0 68 40 -72 0 12 28 12 20 62 20 -50 -2 -16 -74 56 -2 -40 84 -66 56
-60 -28 -8 -2 -16 -34 -2 -72 14 -12 -86 -2 -16 0 6 14 -44 -34 -42 26 6 20 -2 10 -24 -2 52 30 -36 24 22 -6 -38 14 36 -10 -40 -44 54 22 -8 22 -84 24 6 10 -14 18 6 82 6 -8 -48 -64 -10 36 12 -76 -18 22
74 56 -22 10 52 10 -8 -16 12 24 10 -58 -12 -12 50 16 -20 8 10 -18 36 -38 68 -60 38 12 70 26 -36 6 14 20 -16 -22 10 -12 8 22 6 -20 -46 20 -66 -34 -16 -18 56 14 -40 14 -34 -42 -64 54 -2 4 -12 78 -18 -12
66 -62 6 4 -76 52 4 -22 14 -8 -18 -28 -28 -16 54 44 -42 32 4 -24 6 -6 6 -46 32 -44 -44 -82 26 58 50 12 74 -4 -16 28 4 -48 -38 12 -56 4 20 0 -10 4 -48 38 16 60 26 -12 32 -24 -34 10 -6 -72 -24 34
-32 -52 66 -30 62 -10 -34 -6 -18 36 2 -32 -74 -2 72 -42 -48 -8 -4 -14 30 -2 -30 -28 20 8 -62 -24 62 28 -24 -10 36 -42 -8 -2 34 -40 -38 -16 118 -18 -120 -36 28 -34 22 24 -30 -6 -126 -8 16 -4 36 -22 -32 6 -8 18
8 -30 -40 10 -32 -26 -4 -36 46 30 -22 -42 -20 50 40 -26 -30 -10 -2 26 20 -42 -8 8 -56 -8 32 0 -18 -38 28 38 40 -16 20 -18 40 24 -8 10 12 -14 28 16 36 -24 48 10 8 -30 20 -28 0 14 14 2 4 -88 16 42
68 -32 -32 8 40 -80 -60 -34 26 8 -26 -4 -16 -32 78 6 72 -28 -32 30 -36 40 -20 88 72 -10 -60 -12 -30 34 -42 36 -30 -32 -2 36 8 58 74 8 -70 -26 -62 -44 24 6 -38 52 40 52 48 22 -12 -60 6 16 -36 -40 52 36
12 -42 -10 26 24 -48 -74 -70 46 -4 -28 -14 -8 -32 20 -36 32 52 16 -30 2 0 -24 44 30 -8 26 14 -26 -54 -46 -8 -2 -4 16 -38 14 54 16 32 -86 -30 2 -14 14 -24 -32 16 -36 -34 64 -10 -44 -10 -6 22 64 -80 56 54
10 -14 -14 14 -98 36 8 -48 58 -6 -104 46 42 4 -34 6 14 -14 -26 2 64 10 2 22 14 -46 -4 -30 -26 52 -10 -12 4 22 22 -10 4 54 4 -68 -14 38 68 2 -8 -12 -24 -40 78 -16 -6 28 -16 30 22 -6 10 8 -2 36
-10 4 32 20 -18 -22 28 -38 -8 -32 16 -62 -48 22 -94 34 -44 -18 -22 -22 22 6 -42 -8 24 -32 -86 8 -8 28 -18 18 70 42 -22 -12 -14 30 4 26 38 74 -14 0 6 34 -36 26 20 88 -22 12 2 -12 -48 -32 0 42 24 0
40 -66 -16 -10 -60 40 -2 20 -44 18 18 -8 8 22 -44 -2 22 -22 -66 22 -60 -50 18 -56 48 12 -22 16 56 -2 4 8 -16 -18 -40 16 14 -12 -28 30 -22 -14 -58 20 -14 6 -36 30 26 36 -58 -22 30 -34 -20 36 -18 12 -62 46
-36 -44 8 -12 -12 64 -26 62 -54 -38 38 2 -18 -2 -44 -52 26 24 16 12 10 -10 30 60 4 -4 34 -10 18 -38 8 -14 -24 44 -10 -32 -12 -48 30 -60 -4 -22 76 2 52 -6 22 -76 26 -52 74 14 18 -28 40 18 24 -18 -32 14
38 50 20 -6 -42 26 54 -36 52 42 62 -14 70 -8 114 -18 -42 72 -14 -20 -12 6 -88 30 -8 30 102 -40 20 80 -48 2 -24 10 2 -6 14 16 -12 -58 -60 -50 -88 -36 32 -18 22 2 -32 20 -68 -32 -78 -76 -34 36 -14 -26 16 -58
36 70 6 -2 46 84 24 -46 126 8 -34 48 26 8 -16 -52 -26 0 -4 -52 54 -14 -56 62 64 -10 -30 -40 -2 -6 60 12 10 14 -4 16 28 82 22 40 -52 -8 80 -12 -38 -6 -6 -8 54 8 -92 -4 16 30 -26 -14 2 54 0 48
10 64 -38 -10 10 -88 -30 -32 72 40 46 28 54 -26 84 28 -4 0 16 34 -10 52 42 62 -6 -48 32 54 8 -52 2 38 -30 -16 -4 46 8 50 26 42 38 36 -32 0 42 26 42 42 -22 -14 54 -8 66 96 -4 8 -6 36 -70 -104
70 44 -32 30 -64 44 70 -4 -52 0 -26 64 -30 0 4 -28 60 -54 42 8 36 20 -30 -36 -92 -18 -10 -64 -46 26 -28 -8 54 -18 -16 2 10 -50 -14 -66 16 -54 34 30 -12 58 -14 26 18 32 -40 22 -16 16 4 10 -16 44 26 50
20 42 28 18 90 88 58 32 -24 -20 18 58 10 -12 32 16 20 70 6 -24 10 -2 -10 -74 72 -30 -32 -4 10 34 16 22 38 -54 -12 -4 -40 92 6 14 -106 54 76 -22 -44 8 -20 -12 46 -54 -10 -24 28 -46 36 24 -12 -124 32 -58
6 -28 -14 -20 -36 36 34 6 -92 62 16 14 -18 -30 58 12 -40 0 14 -2 -60 -18 40 -24 -74 20 -2 10 56 -46 6 20 -62 -14 -38 20 -42 38 10 44 -22 -66 -38 12 -4 4 58 -14 50 8 -18 -10 24 -14 56 -6 22 14 -66 -60
4 -40 -14 10 -68 -78 4 -10 -32 -30 42 12 40 -2 20 -80 36 24 -48 8 -60 12 54 -26 10 -32 42 52 -26 -34 22 -20 10 40 20 -6 -28 -68 42 38 52 0 4 -34 8 -6 82 -76 -4 6 -86 14 -2 10 -18 4 -14 -64 64 -56
2 -4 2 20 -28 18 14 34 -56 -18 -32 -10 0 -2 30 30 36 -40 10 12 -10 8 -2 -6 -46 -28 -2 38 -26 -36 -36 -14 -34 24 -18 2 -26 -8 -6 22 2 -22 -50 4 -28 8 -40 -26 16 42 -58 22 2 -26 16 24 -20 -76 -2 6
84 -24 -14 -2 22 90 -34 -26 24 18 -16 0 34 -64 -24 4 -44 32 -12 -6 10 16 10 -2 64 18 64 36 -56 -6 -2 36 -4 8 36 -20 10 70 -10 -34 -94 8 10 4 -50 -42 -2 -18 -72 -42 60 -46 0 -48 -6 4 -10 58 -4 -8
78 -50 -20 2 48 40 36 8 -24 10 -4 -46 -24 8 -22 18 18 -10 10 48 -70 -54 34 72 -70 -10 50 22 82 48 82 -52 -4 26 -18 -2 -30 -10 58 34 -10 -78 -36 56 38 24 16 32 22 46 48 -38 34 66 24 14 36 -106 -2 8
42 -66 58 -2 64 -86 -30 -30 60 6 -72 -6 -56 40 -26 40 -2 20 -10 28 56 -10 -46 84 52 -20 -42 -100 2 24 16 -20 46 -36 -6 -10 -34 -4 60 -6 26 66 40 -30 28 -48 -56 -16 -20 -52 -56 -24 32 -4 40 8 -20 -94 -26 -22
-86 28 -24 10 -94 -42 -20 -68 26 -26 -60 -36 38 50 64 8 14 70 -6 42 28 -28 -22 -76 -24 -50 -28 56 6 -20 -52 24 -26 -60 -26 36 -16 -18 -12 -20 50 -38 -16 6 -22 32 -14 12 -68 48 -72 -42 -50 52 12 -14 30 -18 -48 34
-66 -30 36 -4 -68 -12 16 4 32 -4 -60 10 8 50 18 -62 60 32 0 -6 20 -10 6 -66 50 -6 0 18 30 -62 -8 0 14 -28 10 -62 -10 4 -22 48 -34 -52 -12 22 10 -12 4 -48 -22 -2 -38 14 24 48 28 4 16 64 52 -22
-34 4 -18 -14 36 12 60 -26 -42 10 -50 -34 28 54 18 34 -2 -18 42 42 -18 -18 -26 -116 56 2 54 38 -72 -44 58 0 -24 -44 2 -18 -8 -16 -28 10 22 38 -46 -22 -24 28 -52 40 -28 -14 90 -20 -24 14 -28 10 28 94 -2 -64
-32 10 -18 4 76 -60 34 -36 86 22 -58 -38 22 48 64 64 18 -26 -24 46 46 14 38 -16 14 12 -30 8 -12 44 -96 6 34 6 4 6 40 24 2 96 48 -20 14 -6 -26 14 36 0 -54 34 -52 -38 58 16 0 30 -24 -90 22 40
-16 28 16 -6 -44 -64 -30 -4 -38 12 -10 -34 -20 36 80 64 -14 -14 -20 20 6 10 6 -24 -4 28 -2 32 -46 -8 -10 30 24 -22 12 6 18 -38 -30 -36 -48 54 -34 -22 32 12 20 -30 66 26 -100 -48 -36 -12 -16 6 -20 64 32 12
24 22 10 -12 -24 -10 -24 -2 46 14 -22 -26 26 -42 6 -10 30 10 -12 24 -30 2 -32 108 78 -28 -42 -4 56 -48 10 12 -12 -36 32 18 24 4 10 76 -28 20 -36 -32 -14 -16 -38 2 70 -70 6 -4 -4 -36 -34 8 -14 80 10 -16
-84 20 52 18 -42 52 -8 16 52 -36 -36 8 -10 6 40 0 2 0 48 -2 26 -22 -52 2 6 -8 -52 -26 66 -50 -28 -8 -46 22 16 -2 -16 -30 38 24 36 40 30 20 -4 2 26 -4 14 -60 -68 -18 -24 60 24 20 -6 50 -16 -34
-38 18 6 4 -32 42 34 22 8 -26 -48 -2 -36 -66 30 -50 12 2 36 -4 24 -8 28 -36 6 -52 -4 14 -54 -46 -6 0 -50 -6 -12 -28 -30 12 -18 -6 4 -44 -50 0 16 20 62 6 -26 12 18 6 24 -12 30 42 16 52 -12 -64
-10 -82 -32 -6 -2 92 -16 62 -38 24 36 14 -16 -78 -22 -30 78 78 18 6 4 -8 32 -6 24 -2 50 -6 -42 52 18 24 40 -22 -48 10 10 -50 -32 60 -44 -26 -2 40 -10 14 56 -8 -28 -52 -46 30 14 -64 48 0 22 -92 52 -72
-10 12 30 -22 36 -74 -38 22 40 -6 -32 36 -10 -16 50 -32 2 36 -4 30 -56 14 -12 46 -78 12 22 -60 -48 -2 -78 32 26 -2 26 -8 8 14 -32 -62 46 76 -30 40 -40 -16 -2 -36 -10 -52 -128 -32 -70 24 6 -18 -4 0 32 74
14 38 -52 -16 -32 50 -16 26 -30 36 -48 -8 4 36 22 82 -62 -30 -38 58 16 -10 64 -40 -8 -18 -50 14 -6 -28 42 -16 30 -22 -26 0 -26 18 -14 24 64 -46 0 16 30 8 0 48 -68 4 24 -22 -28 50 32 0 -10 62 -48 -32
-70 62 18 -36 -64 -66 12 30 -68 -6 18 80 -10 20 106 -58 -60 -6 -14 -60 -48 4 -42 54 10 8 32 -50 -8 -28 10 32 -12 32 12 78 44 16 -4 -30 -8 34 48 -22 2 -34 60 -24 -40 42 -84 54 -42 -48 -16 -30 14 86 70 36
0 -10 22 6 -10 -56 -6 -20 44 52 -4 -16 -36 -12 50 -36 16 22 -12 26 18 -52 -4 -6 -26 -8 -14 -28 -8 -14 46 44 -42 -8 16 -2 36 -16 -16 -42 10 50 -64 4 26 -34 34 20 10 -18 -8 -58 4 34 -4 6 16 38 -20 4
-4 -52 10 40 34 44 -38 -20 -38 6 72 -18 34 52 -50 -42 54 -62 4 -26 32 -22 32 -24 -62 4 12 22 62 -20 4 -6 -24 10 -12 18 20 -16 -26 -14 -30 -16 50 -20 14 10 42 -12 42 -50 40 -4 10 36 0 8 38 76 -14 -22
-16 4 -12 4 -54 20 50 -22 48 24 24 24 -6 8 68 14 -2 18 12 8 2 -18 10 -4 2 12 56 -14 58 16 -16 -20 34 6 24 -42 26 -16 -8 40 30 -4 32 -14 14 14 42 -18 20 -14 14 6 -16 -2 70 2 26 50 32 -56
18 -6 -10 18 28 52 6 -14 -22 4 -28 -2 52 -2 54 -6 -8 34 -12 14 -20 -8 24 58 -42 16 28 -18 46 40 -44 -16 -18 8 -12 6 -12 62 2 -38 28 2 8 -16 22 14 -30 -2 -10 48 38 -4 -44 -28 2 -4 0 32 -28 -44
-102 -114 -22 -4 48 -8 116 0 -18 40 24 36 -26 -22 -18 36 52 -44 12 -22 38 18 -22 -56 84 -38 16 32 -90 10 0 -8 24 4 -6 70 40 -96 84 72 80 -36 -74 4 18 -38 -50 -44 -70 -108 52 -28 40 92 -42 -82 -22 40 48 -82
-106 -42 42 14 -74 22 26 60 54 -44 -42 22 22 -20 72 18 22 -22 -6 -54 -8 -8 38 34 -16 -80 -32 22 4 50 -68 -2 62 34 38 58 24 10 -48 -12 -94 0 44 32 24 -6 72 24 -68 -34 -38 4 0 -58 -4 20 -38 -60 -20 -92
-68 26 -62 -34 18 44 10 56 62 28 18 90 2 -4 -22 40 -12 4 36 24 -76 -20 14 2 -74 8 -56 -14 -64 -90 -16 -12 -42 8 2 -42 -12 -52 -8 10 50 18 -74 70 76 0 14 2 4 10 -38 -78 -32 -14 -24 14 -48 86 22 -18
-28 -2 -72 -24 18 24 -24 46 -16 36 -4 62 6 -24 8 12 -50 20 34 52 -2 12 -2 70 -80 2 -34 -64 -38 -90 46 -6 -34 40 4 -38 -12 -76 -18 38 -54 40 -56 40 50 18 -22 10 -34 60 -60 -58 4 -12 -28 6 -18 124 -18 -12
16 -16 4 0 -52 -42 -28 -30 18 10 76 0 4 12 16 -62 26 14 6 -10 -34 0 -40 52 82 6 -54 0 -14 12 36 -2 -36 2 26 30 -30 16 -8 26 -10 84 38 24 16 16 30 -26 48 -54 -38 -14 -36 -16 -16 6 -22 58 38 -40
38 -22 -60 6 -64 -4 30 -24 -18 -10 14 -10 -18 12 -6 -20 -2 -2 8 26 -18 -16 40 -42 4 -4 68 6 -80 -36 52 -24 34 6 6 2 -14 82 16 -42 70 -48 -38 -2 14 20 -18 20 -14 -42 72 -22 0 -48 -14 20 -18 62 8 62
-46 -36 18 34 8 78 32 -4 -32 -14 20 -20 -46 4 62 4 -10 -18 -6 10 -12 4 -34 46 -112 6 -28 -34 20 24 30 -10 12 8 -22 20 6 -22 -2 -46 50 14 -4 -50 6 -14 -22 14 -56 42 -36 2 -36 -54 8 34 -16 -78 36 58
-36 -12 -24 -4 0 90 0 -6 -44 50 66 60 26 32 30 2 -4 -56 12 -24 -52 2 42 -22 -48 -10 -46 -28 -32 -88 -22 -4 -48 -2 4 -24 -44 -68 24 -62 6 22 -62 -22 22 26 10 0 -72 -16 78 12 40 0 6 12 -16 -122 34 4
-2 -4 -20 -22 -34 -34 36 60 -26 -12 22 -16 0 46 -94 12 -6 2 20 58 36 -10 -40 -74 -12 -6 38 8 32 18 -38 -12 26 2 -14 -24 -6 48 12 -36 36 0 -58 -14 -22 -2 16 36 -20 -66 -28 10 -34 -30 -10 0 -28 -24 10 -4
88 -54 -30 44 -62 64 -56 -62 -8 -42 56 6 44 -52 -78 -36 30 60 -44 18 46 -6 -62 22 -96 2 58 10 0 40 30 -38 30 40 -16 8 -42 46 24 -44 12 126 12 12 12 52 2 -74 -46 -34 88 -12 12 26 -2 8 -2 -52 22 38
-92 8 -46 26 -38 58 -48 32 42 -10 68 -2 0 16 -78 -28 38 12 44 -14 26 -32 -38 42 20 -48 56 -44 -28 -28 32 50 34 -6 -34 -6 58 -96 -18 40 74 30 -96 -10 -54 0 -30 90 -40 -2 80 22 -14 50 -24 -44 -32 -46 -36 78
-90 34 62 -16 -72 12 -30 22 70 12 -86 22 -18 52 -42 -14 8 -38 -30 28 56 2 6 -62 -70 -20 28 -38 36 -52 -26 36 36 -46 -42 -2 38 -120 -36 10 80 44 20 -48 14 -24 -70 -6 -40 68 64 20 -62 4 40 12 4 68 8 60
10 16 -70 20 28 -24 -14 2 -70 -14 64 2 -14 -46 -10 -30 -12 -66 -20 8 54 -14 -42 -42 20 -12 -74 14 -42 -40 40 -4 8 10 -34 -12 -14 2 34 10 120 -66 -72 26 36 36 -42 24 42 -4 -26 -40 -16 38 -54 2 -42 -18 -24 -44
-62 64 -6 -12 -68 20 48 14 12 10 22 70 0 -16 -68 -44 64 14 -14 -38 -14 -24 12 50 0 12 -68 -20 -58 0 32 40 -8 6 0 20 -16 10 -16 -20 62 12 -10 6 -60 -28 14 44 -36 60 64 -6 -48 -54 -8 14 12 126 -56 60
60 32 -22 22 44 60 -12 -30 58 -6 -60 20 26 42 -106 36 -48 -22 36 -10 24 2 -42 28 54 2 -38 18 48 70 16 12 28 -4 8 20 0 52 -50 -8 -68 -26 4 -10 62 -6 36 40 -30 92 86 30 0 -48 12 10 -20 26 2 4
18 30 6 -20 -42 -106 58 4 36 26 -4 -22 -42 48 24 -26 -12 -18 14 18 -8 -16 0 2 -34 -10 92 -6 -6 -54 -40 -18 12 36 -12 -36 -14 60 8 18 -14 36 -58 34 20 26 76 -12 -38 -28 38 32 40 -18 8 -16 32 -116 -22 -36
-56 46 0 22 -14 -10 -2 16 -40 -28 -8 60 32 -20 88 64 -4 4 -16 -22 -12 -4 -16 64 -50 4 34 18 -58 -34 60 -4 -16 -24 -16 6 -26 -64 -24 -104 -64 0 -10 0 -8 -16 -38 30 6 56 70 -30 14 -18 4 -4 26 46 48 -22
-52 -92 -30 42 -26 42 114 -76 12 -26 22 30 36 -68 -50 76 40 36 -2 -8 -4 30 86 4 -76 -36 -68 -16 -56 -88 -60 -12 32 -36 -26 -34 -32 52 8 -16 -90 -34 90 44 -16 8 -54 66 74 -2 -14 -70 -48 66 4 -44 8 38 -2 -78
24 -4 4 -46 60 -34 -48 14 70 -18 -20 26 -26 -36 80 58 -16 20 -10 6 -46 -14 -18 26 70 -12 -24 -16 -30 -8 16 -16 4 40 36 24 22 18 8 -36 26 6 -70 38 -10 -28 18 8 62 16 -102 -4 -2 24 -52 0 -36 74 -18 -24
96 48 -26 10 -38 -12 -92 -8 -56 10 16 -12 44 16 -60 -4 -10 38 -14 -30 0 22 54 40 56 -6 20 0 14 -26 -36 24 -16 14 -12 30 20 -42 -36 54 -24 6 -24 4 -26 -2 -104 -4 32 72 -68 2 -10 -54 -16 -26 8 -6 -44 84
80 -60 -16 -14 88 -78 -16 2 16 44 20 4 -52 -10 -8 -12 20 -18 -62 0 14 -24 -32 -12 -94 16 0 26 -6 18 -12 -30 50 20 6 12 -10 10 42 24 -34 26 -12 8 26 -4 -20 -16 52 -68 34 -60 -4 70 -36 -36 -28 -58 2 -46
-52 -52 -76 -6 2 -90 46 -18 12 -6 -36 12 -12 86 -80 -46 -50 -28 64 -14 10 28 -66 62 0 4 48 -6 -38 56 -40 26 0 -36 -16 -16 2 -52 -42 16 -98 40 -38 28 38 0 -52 58 58 48 74 16 -16 -74 18 -2 -36 72 -56 70
28 56 4 34 -38 -10 74 12 -32 -18 66 26 -40 -50 -42 66 -42 14 -22 -18 -4 -12 32 6 70 16 -72 -36 -24 -14 -26 -4 -2 16 6 -16 8 48 -34 -58 2 46 42 -12 18 4 14 14 -30 70 -74 -16 -30 0 -10 -8 -34 12 -16 24
-48 -70 -24 42 -64 46 32 -34 8 -8 -96 -26 24 -2 -64 -6 -4 -18 -56 44 18 14 -74 -64 -14 -24 92 58 -34 -28 -60 -28 48 -14 -22 2 -34 18 -78 70 80 2 -12 -6 32 48 -42 -52 64 22 -6 66 -68 -54 32 20 -32 -70 36 10
-18 -40 20 -56 2 2 4 16 -12 -10 -70 10 12 -6 -14 72 -38 14 0 24 -6 22 -12 60 52 -64 32 -18 46 58 28 -10 18 2 12 30 4 -4 2 6 -14 -70 -92 8 -4 -4 -48 44 -20 16 72 -26 4 14 -2 34 -26 -10 -16 -18
8 32 -42 44 -76 -72 -8 -12 40 -28 -38 22 2 12 -50 56 10 12 -6 6 -38 -22 -58 -2 10 -30 40 28 60 78 -48 -14 -6 4 32 -30 -16 -76 42 12 -80 -54 -78 -10 -48 38 -56 -40 60 0 -68 -66 -54 -2 -32 30 -4 -42 10 -8
34 -28 2 -28 -24 50 34 -10 58 2 58 -16 0 6 -12 -42 10 76 0 10 50 -58 4 -6 54 4 26 -20 64 74 44 -16 6 -26 -6 -6 30 -62 -32 -10 56 -18 -18 -8 16 -12 30 -2 56 68 8 -40 24 -12 12 30 22 16 18 -44
-48 -32 20 -32 28 -56 54 74 -52 -34 -60 -48 -28 -80 82 38 126 62 26 10 0 -8 54 -10 -64 62 -6 36 -88 -68 58 -8 -6 -18 6 -24 -6 -22 122 18 40 -18 -66 -8 -2 -18 32 2 38 -126 -64 -48 -68 -8 -40 -14 -24 8 -2 56
70 40 -14 -6 32 6 -68 16 -26 24 -12 -28 -16 -2 -34 0 18 30 8 -10 -10 8 46 16 12 14 34 28 -36 30 6 -6 66 -2 22 0 16 -68 -66 28 -20 92 -78 12 -6 -10 -6 4 -6 54 -68 -2 -24 -34 -50 -2 22 52 62 12
-68 54 20 -10 14 -44 -30 -6 -66 -4 -94 4 -28 14 10 -30 -12 32 32 8 4 8 22 -62 36 -2 -30 -4 4 38 -54 4 12 0 0 62 -6 -44 16 -36 10 28 -26 -8 14 -10 -30 -20 -48 -4 44 -48 38 4 8 -20 -8 8 -4 -48
100 -28 -46 2 -58 26 20 2 32 18 50 48 38 4 92 -48 46 28 12 -10 20 -12 52 -76 18 -12 30 2 -20 -28 -26 -36 -10 -16 26 2 2 68 12 8 -74 20 84 -20 26 -28 4 10 -6 -70 126 34 56 -10 36 8 -28 -106 14 -72
78 -14 -46 4 56 8 -42 -8 54 12 -54 10 28 -18 12 16 40 10 2 32 22 -2 -16 24 -48 64 -48 -32 24 40 -64 22 -10 -16 -16 34 -44 2 38 -46 -26 22 -72 2 -4 14 30 18 6 -42 -6 -36 -4 -100 16 32 0 -16 18 -48
46 -18 -28 -18 10 56 68 -22 -30 40 -66 -10 50 -24 -56 -24 -40 22 -12 4 24 16 -12 -46 60 36 -36 -22 -18 20 -12 0 46 36 14 -28 4 -10 18 26 -14 28 -46 -24 -64 -20 -40 -38 -48 -6 14 10 -8 48 -10 4 -22 -42 -54 -34
82 32 -28 -26 -38 -80 62 -18 44 -34 -26 56 74 -54 -68 6 32 22 4 -10 -30 50 -46 -2 24 4 124 -30 2 2 6 -16 -8 -4 -28 16 14 -104 74 64 -116 -44 82 20 -4 50 -8 -6 50 -24 70 78 -4 2 -4 -66 28 -116 14 -38
-66 24 26 -2 -76 -42 -36 58 -54 8 -32 36 -60 -30 20 -8 30 -18 -16 42 26 -20 24 -58 -28 -12 -52 34 -26 -2 -38 -12 -66 8 -12 -6 -6 -54 -18 8 88 -8 30 -20 12 8 0 22 76 -10 -12 22 36 -34 28 16 2 46 -34 50
96 32 -38 22 -80 78 -112 -48 64 -40 -22 16 -2 30 -8 -30 -56 72 -2 -8 66 18 -50 46 -22 -50 52 4 70 64 0 -10 -6 -28 -16 -28 -2 8 -30 -30 -88 -56 38 54 -6 10 46 18 -30 76 70 16 -64 100 36 6 54 -112 -32 38
-26 -20 28 6 -80 34 -10 -20 -24 12 54 4 -30 24 86 50 -68 26 -104 14 6 0 20 -62 14 36 66 -48 -70 -54 -86 4 -32 12 -32 0 -26 -10 -12 0 78 -68 28 -42 -22 -28 20 -38 -12 -6 -30 34 6 46 24 12 -6 0 -18 16
54 -44 -54 16 62 -42 -8 -6 -22 0 6 -24 16 40 -44 -40 -52 -34 22 8 6 18 76 48 -52 24 -72 8 10 38 18 -14 -30 -90 -20 44 14 -64 20 36 -64 -14 -38 -6 -24 16 38 -14 60 46 76 -8 8 -66 -18 -28 0 88 58 -70
-42 68 -64 14 30 76 94 20 -12 -2 20 -34 20 18 -18 18 8 -2 -4 16 -18 -4 -26 66 78 -14 -42 -6 -64 -126 -26 -36 48 -6 24 -16 -48 -42 30 -68 -38 -10 -92 26 52 10 40 44 6 -40 -82 24 -74 -40 -20 28 -46 124 -2 -38
14 -2 26 -22 14 -6 52 -2 -18 -28 -44 42 -2 4 -70 -38 -52 -6 -24 -30 46 12 -16 20 22 -52 -54 -26 -32 46 -50 56 -12 22 24 32 28 52 18 -12 84 4 16 -14 -12 -14 50 -22 -82 22 22 16 46 38 0 -24 -6 68 -26 -68
32 -12 2 4 16 6 -14 -6 56 2 -30 48 -6 -52 -40 -28 -22 38 18 10 20 20 18 26 -34 -20 10 -68 -28 -14 6 6 -12 22 -12 10 -32 -18 -14 -58 -8 4 -2 16 56 28 0 4 -48 -2 90 -18 26 -4 -16 36 0 -2 4 14
-42 50 -6 -8 8 -58 32 12 -56 -14 38 2 -10 18 -92 -56 8 -46 -2 0 10 2 38 -22 -46 18 -24 -12 -26 42 52 -4 38 30 -18 8 36 -34 4 90 110 -38 -70 -12 18 28 52 -18 -84 42 68 6 -60 -36 14 -2 12 82 36 10
4 -74 -32 6 86 24 20 -42 24 4 -48 -90 -2 -28 4 -6 -30 -4 60 -26 24 18 -48 74 54 -2 60 54 22 0 40 30 36 -50 36 -8 -16 -92 -28 -20 -100 -24 -30 16 -12 -8 32 -8 -20 -12 -100 22 -20 14 -44 -20 -34 -108 74 -14
84 -62 -72 -6 -2 -34 46 -38 4 -16 20 -2 62 10 -86 -20 -12 -8 -12 -12 -10 -6 54 -74 -26 -6 26 -42 -10 50 -10 -4 -24 -16 -2 6 12 50 18 -60 -46 54 66 12 2 32 8 -8 0 76 -2 -34 12 -40 -36 8 12 -14 6 4
-6 -24 36 -28 -14 48 0 -8 26 -6 18 -10 -8 36 26 -38 56 -28 -32 18 78 0 68 -88 -32 16 -26 -16 46 10 26 -24 -26 32 6 -6 -8 48 2 26 -36 26 -46 -12 44 -10 -52 10 -4 74 80 -6 -80 40 4 54 -32 -40 -58 42
-10 -4 -22 -14 -46 92 -52 -42 -60 -4 -30 -10 14 -6 -72 50 -16 20 -38 26 4 -10 2 -30 -74 0 4 -38 6 18 -40 -24 34 -20 -30 -10 -10 -32 4 8 20 36 2 -30 -10 0 10 -40 -32 32 84 -38 14 82 26 4 -14 -38 14 -4
-76 -2 -50 42 -22 60 -38 26 72 18 -92 6 -16 6 -48 62 22 -14 -56 -42 48 -4 -24 -66 -18 -58 56 28 -32 -60 -30 14 -14 44 -26 -2 -26 -52 -28 32 -8 42 -76 60 12 2 -38 22 6 32 18 -10 -78 20 -4 30 -24 -70 -28 16
22 -22 66 -8 54 -56 40 68 12 10 28 -8 -46 4 10 -28 -6 -10 -12 -16 -18 32 -34 74 -16 8 32 -16 -26 36 -46 -42 -6 4 10 18 -12 90 -82 -104 4 12 74 -20 76 4 8 -24 22 54 26 -16 0 32 4 2 60 -54 46 -20
-26 10 22 0 -16 -34 8 -8 -64 18 -2 32 12 -6 64 30 -6 -16 2 -48 -46 4 2 86 64 -6 50 -34 10 -60 -36 -10 -64 -34 0 12 -18 -18 -4 14 44 -14 -34 -10 6 14 -32 50 0 -12 -128 8 36 -64 20 38 8 -60 -48 60
14 52 -36 -4 58 -96 -44 -20 -2 -6 10 -8 -38 10 -32 -4 2 -36 4 -24 0 -6 18 -68 -52 8 -42 64 -42 -54 6 -14 -12 -10 -32 -12 6 2 -4 30 32 14 -10 38 0 34 62 -24 102 -24 82 -34 28 -26 0 -28 -26 -106 12 12
48 30 -62 16 58 -20 52 16 -40 0 -40 -58 24 -2 -16 -36 -8 -24 0 14 -20 -10 -10 62 -22 -4 -64 0 -2 32 -28 26 -26 -12 -24 -42 -8 30 28 -54 -56 0 34 -38 -10 -6 32 28 42 -36 -48 -40 66 84 -8 10 -18 -78 10 48
4 -22 -36 -22 18 10 14 -4 -12 16 64 88 2 -56 10 28 -2 18 10 40 -10 14 20 68 -84 -14 8 -58 -42 -36 2 -22 -22 28 -10 -18 -20 -32 -34 -2 -16 14 -26 44 20 12 -16 6 8 54 -74 -22 12 -6 -10 16 -26 64 4 4
32 -72 -22 12 -64 10 -62 -42 32 0 -56 18 8 -78 12 -26 88 68 -4 42 40 -12 0 62 -72 -16 -58 50 -70 78 24 12 38 -6 -10 16 -50 50 -2 -64 -32 14 -46 16 -36 -14 42 -68 -6 -62 -70 -16 -72 -76 26 54 -10 74 62 32
38 4 -52 20 34 -26 36 -42 66 -22 -62 22 -18 -26 0 58 -8 -18 22 -18 -88 -14 36 40 52 -18 -58 -36 -12 4 -78 -6 -34 14 -24 12 -20 34 12 54 -38 16 90 -6 36 -14 -52 24 4 -60 -128 -4 -12 20 -8 -6 -12 52 -56 16
-48 0 64 -12 -14 -62 32 4 -42 -58 -42 52 22 28 8 -38 -58 8 68 -14 -36 -10 -56 88 56 -12 -26 6 64 12 10 42 14 44 6 2 -16 -54 60 -70 -62 20 -62 -34 52 26 58 34 22 32 78 -2 -64 48 6 12 -28 -36 -14 -68
32 28 -4 26 12 62 -12 46 -20 0 -6 -32 20 86 46 -18 -46 28 -20 -2 8 -8 24 -20 -20 34 -48 -30 -4 -86 4 -10 30 20 0 -10 28 26 76 42 -78 28 62 -38 10 16 6 -36 2 -78 106 14 76 -82 -18 -12 -28 68 14 -96
-24 -34 -62 -8 2 0 48 12 48 4 44 20 10 -28 -12 -36 48 -46 0 10 20 -46 -6 42 64 -20 32 -18 82 100 18 10 24 -22 18 8 28 -16 -22 -30 48 -28 18 -2 22 18 54 12 40 64 10 -14 4 -6 18 -8 -4 -74 30 -8
-28 -18 -34 -18 -46 92 -62 -34 4 16 -42 20 -4 14 56 40 -50 40 -2 8 -30 -10 -60 -10 -38 -32 -32 -36 -38 -48 -48 18 -14 -38 -28 -4 -36 -8 10 74 -40 -84 -44 10 6 -14 -16 -26 -52 -26 -56 -42 2 -70 8 12 38 -30 42 52
20 -10 14 -8 0 54 28 -18 54 -26 -20 -28 -16 -4 -80 22 12 4 -14 8 38 -4 -42 -4 94 24 -32 -22 46 76 20 -10 -22 2 8 2 28 -14 12 8 50 -24 36 44 -2 6 -52 12 -32 -8 82 10 12 46 -16 -20 -16 -48 -20 34
-36 -4 16 -4 -80 -54 20 -32 -2 -14 20 4 4 -50 -40 0 -50 52 0 4 4 16 -18 10 34 -14 0 -2 8 20 -8 16 -34 -56 0 16 -4 -38 0 4 -18 -30 44 -10 4 -20 -8 -38 30 -2 38 16 -48 -46 10 14 -28 -32 -30 -48
-78 -88 26 0 -76 64 114 -18 -22 20 -46 76 4 34 84 22 56 52 16 22 44 -18 -66 -26 50 -16 42 -28 -30 -14 -42 26 36 -2 6 6 40 -30 40 24 38 -20 10 -12 20 52 66 -6 -78 -94 36 -22 -8 16 24 -26 42 -108 48 -118
38 -64 -10 -6 18 8 20 10 -66 -32 36 -2 36 -24 -66 -66 -16 58 -14 46 -20 8 4 38 36 -32 -18 8 8 20 -34 16 -40 22 -14 58 4 -18 -28 -28 12 60 -6 0 -4 -10 66 -10 86 30 64 4 8 -20 8 22 16 118 -72 -78
36 -34 -84 26 34 20 26 58 -12 -28 2 60 32 60 -68 -34 70 -58 -16 -32 72 8 -18 74 -40 32 -56 -70 -74 -110 -62 40 -60 4 22 -32 4 -58 60 16 -44 62 -48 54 24 -34 -12 -26 -10 2 46 -70 -22 46 -24 6 -28 102 -30 42
60 -20 -86 26 42 -8 -40 36 4 18 -44 32 46 54 -50 28 -4 6 -8 -38 -12 24 -10 36 -58 38 -52 -48 -26 -108 -24 -6 -42 -24 -16 -24 -20 -36 28 28 -66 30 -56 32 54 -42 -2 0 -2 44 70 -46 -8 0 -34 22 -24 72 -8 2
-66 36 -64 8 22 40 50 -20 -34 12 -76 4 2 -50 22 -18 12 -2 -16 -10 0 10 12 -66 -84 4 -46 -62 -50 -30 -68 28 34 -14 -58 -36 2 -32 0 -24 -36 -32 -10 -6 28 4 40 -2 72 42 88 -30 46 4 12 -2 -4 -48 38 62
68 -34 34 18 12 -22 -42 -12 -12 -24 18 -8 -2 10 -66 -26 -20 12 36 -4 44 14 -26 -14 14 56 -36 20 24 -42 54 8 22 38 -20 60 20 20 -36 24 -20 -2 12 28 -18 8 28 -58 16 34 -56 -4 -22 -44 -10 -12 6 -14 34 58
-6 36 -16 -26 48 -44 36 16 20 -28 -50 10 60 4 -68 14 -28 22 20 -24 0 0 -14 -14 82 -4 46 6 34 32 -4 -10 -36 -2 26 -22 2 82 16 34 -32 4 -38 -6 -20 14 -48 -30 46 4 74 -50 -34 4 -8 34 -14 90 26 -68
22 -4 70 -20 46 -50 2 -40 -10 -40 -30 2 -78 -26 20 6 60 -22 -4 4 -16 -18 -36 -26 -6 -6 -38 -42 -50 -88 44 -58 32 -22 6 -2 22 52 64 16 -48 22 22 6 62 -16 -6 22 -10 -54 -58 14 -12 -16 -2 -14 -16 -34 -24 -2
-62 -16 -18 2 4 -88 -24 -26 -36 -6 -16 -6 16 18 104 -4 -12 -22 16 -16 -52 6 -6 -4 -42 24 -20 22 -6 -54 -12 4 16 14 0 20 -12 0 4 -28 94 34 -84 -2 -24 18 16 30 -16 56 44 22 -50 0 10 -40 -10 8 -14 4
-76 -38 -56 -2 24 -84 -40 -16 80 6 -46 4 -40 -74 68 6 -14 8 58 10 -38 -42 10 -36 84 -24 8 42 96 -10 106 -36 0 14 52 -44 -20 20 -56 -50 -60 28 -62 54 40 -50 54 18 38 60 -90 20 -22 72 8 30 -78 126 34 -56
70 60 -26 -34 56 6 -22 -50 -48 58 -28 -84 2 -28 -48 36 -8 34 -26 -6 26 30 -74 30 -36 -32 74 24 -32 108 -10 34 -4 -20 -50 14 22 -82 -34 34 -74 20 24 0 -18 12 -82 84 -2 12 -78 30 70 -56 -48 2 8 -82 -96 38
106 14 -70 -34 50 8 56 4 32 -28 4 8 50 6 34 28 22 4 -38 -10 -34 14 20 24 52 -42 20 -60 -72 -38 -74 -16 -26 32 4 4 -10 -14 16 14 10 54 -66 -16 4 12 -60 48 -6 0 -26 -20 -78 -58 -4 10 -12 -40 -20 -50
-14 -8 -14 4 -34 -6 -54 -54 34 6 -48 -2 -2 -34 -22 22 -14 -62 -26 -6 -20 12 -6 42 -12 -18 44 -14 52 -34 78 -16 0 28 26 -8 -4 70 0 -52 -28 -82 84 2 4 2 -2 4 -46 30 -84 54 -46 28 6 4 -48 24 2 -6
4 10 20 16 16 -26 22 -34 -40 -2 -14 68 28 8 -64 4 -36 2 -28 14 22 4 0 -8 -10 2 -54 -6 -14 -34 -50 52 -54 -46 -14 2 -16 -58 24 -66 8 -4 -48 6 12 4 -18 20 60 20 -92 -22 28 34 -6 4 2 -68 -44 -26
-54 26 -46 -28 -56 -44 -38 74 2 38 14 28 -28 -42 8 28 -14 -24 -76 22 -16 -8 40 0 -36 -6 -14 -4 2 -22 -56 -28 -30 20 -18 -8 10 -18 18 50 0 38 -70 10 8 4 -30 -2 44 10 -100 -20 42 -44 -2 0 52 -60 26 -20
62 -8 -2 -4 -2 -54 66 64 62 -28 -6 12 -40 2 -6 48 4 0 -12 -30 10 -12 -24 26 42 28 2 10 -44 54 78 -24 30 -2 -10 8 -14 50 12 -32 -88 -6 80 34 30 -2 12 -20 -38 50 94 -36 18 -32 4 -28 -2 22 10 -22
50 12 -14 -58 48 12 10 64 -24 8 6 14 26 24 -8 -22 0 -46 28 2 8 6 36 -52 46 -34 14 -54 16 -62 80 -36 -28 32 4 -48 38 18 -2 -10 -36 -28 20 6 -4 -28 10 -20 4 2 -56 -8 16 18 20 6 -52 26 -4 24
-54 56 -30 -36 -40 70 106 -76 -84 14 18 -18 -66 64 44 -28 -4 34 -16 -16 16 12 42 -42 -44 -34 -108 -50 -90 -54 -60 12 16 -16 -24 46 34 -56 -28 14 -98 18 8 -18 4 -16 82 74 -32 -80 -20 8 -16 -22 -22 -6 16 -126 -62 -106
28 18 6 24 -10 -48 -22 -34 -82 -4 -16 2 -6 -44 -14 -12 -4 -42 10 0 24 8 12 12 -4 10 -2 10 -50 -26 62 12 -20 4 -10 18 10 4 4 -14 -56 26 -60 40 -30 -8 20 6 10 -4 58 8 -14 -6 14 0 -8 126 14 8
-78 -70 0 12 -56 34 -40 14 -16 -44 -56 32 -8 -26 60 -36 62 36 -20 4 -22 -8 -6 -30 -52 12 -26 -82 -68 -2 -28 10 -64 -2 16 10 -4 44 6 -26 50 36 -4 2 16 2 -14 -4 26 2 28 12 8 -58 10 8 -44 -6 0 -38
122 40 -74 26 34 -18 54 -18 -28 -24 -66 4 32 -34 2 -10 28 2 20 0 2 2 46 22 102 -50 -16 18 -40 -58 54 -6 -4 -78 2 10 4 86 42 -38 -52 18 -96 18 -10 -14 -66 14 -30 -38 -32 -42 -46 -66 -22 -10 -16 20 -22 36
56 -70 -12 -12 -34 64 60 22 10 -22 38 -26 64 -38 88 -32 48 12 -40 -46 40 -34 62 58 18 56 66 -12 46 52 -40 6 -48 -66 40 -34 22 76 24 -10 76 -38 54 20 -6 30 -44 -26 62 -46 -48 16 28 -4 -22 16 44 -26 -48 -52
44 42 -6 6 -20 56 22 36 -72 22 -18 30 -10 26 -28 76 -60 -16 -58 -12 8 6 14 -32 42 -36 54 -44 -14 -40 16 -10 -22 0 -10 -2 26 6 -90 -44 16 -12 -22 14 -8 -16 0 16 -40 28 82 50 -2 22 12 -6 0 22 -36 -50
-4 -54 50 -28 -78 40 -32 34 -42 -16 -98 40 -6 -40 28 30 2 -58 -2 -16 -46 10 66 90 8 -22 2 -50 -72 -58 -80 -30 24 28 12 4 -2 -78 -30 70 44 -6 -14 10 -4 14 -52 42 92 36 -30 52 22 2 -16 26 6 -28 10 -52
-38 58 -20 -16 64 -26 -26 2 -28 -20 48 4 6 -46 -58 22 36 26 8 20 6 -18 16 -32 -24 28 -52 66 12 -8 -60 6 -22 20 6 30 20 -38 42 -42 42 -48 -94 12 -42 -12 -56 -56 -66 -56 -68 -32 -6 2 -18 -12 -12 90 -16 -38
-66 -8 12 -14 -76 -60 -24 0 -12 18 -84 6 -98 -4 -30 -32 -24 14 10 -4 -2 -20 -90 48 -46 10 24 50 -8 40 86 -16 -44 8 -20 -8 0 -76 -38 -46 -18 -10 34 -44 -14 -42 40 12 -76 14 -28 -48 -14 -22 2 54 -42 -40 36 -46
-26 14 -20 -18 60 -12 30 4 6 -36 12 4 16 -38 -30 -14 2 -28 8 2 16 -4 -44 40 72 -6 -28 8 82 68 48 -26 -18 12 30 -8 22 16 6 30 -2 -8 52 50 -28 16 -20 -30 -44 18 -44 4 -14 -10 -22 -22 -20 -12 -16 -16
-48 -60 8 36 -38 34 78 44 20 -64 72 -4 -26 56 -60 -46 76 -28 14 -44 48 -26 -32 -18 64 48 48 -64 38 -62 60 -60 12 -22 -30 -44 -16 0 48 -60 -18 14 56 26 12 22 34 4 -70 -122 16 6 -58 58 54 -16 -36 0 -10 44
-48 -44 12 44 -12 60 8 -32 -28 -6 -8 0 -26 -26 -68 -2 -10 -28 2 -6 -22 18 -20 -22 48 12 -60 10 -80 -54 -60 -8 -24 12 -34 44 -8 54 -52 -52 26 76 76 -18 10 14 46 -18 6 26 48 -10 6 -12 42 -20 18 12 -6 -56
78 -12 -40 -2 88 26 28 20 66 8 -80 -8 34 -14 34 28 6 -2 -24 0 -38 -16 10 8 18 -16 66 -12 56 -60 42 4 4 20 0 22 6 48 4 -4 -48 -70 -28 8 10 4 24 18 -92 -28 124 -14 10 -34 -6 -4 -18 -24 16 24
-38 -20 32 -14 -28 -18 42 0 0 -18 2 18 -42 50 -76 -8 12 10 8 34 -12 -4 -72 86 -76 -34 40 -4 42 44 -4 50 -6 8 -12 -2 14 -38 0 -26 8 -8 8 32 -12 8 12 -42 -62 42 126 10 2 -2 6 4 10 84 -46 54
-40 12 -6 8 34 50 46 38 62 -36 6 24 2 -24 -14 -46 54 22 22 -32 -34 2 10 52 48 54 -36 -52 -14 8 0 10 -6 32 10 2 34 -26 26 44 28 36 -66 20 2 4 66 -64 32 -46 68 -42 -6 -22 10 -10 -32 54 16 -32
16 -12 20 -50 -6 2 -26 -26 -2 -2 -30 8 4 20 18 28 -48 8 -12 -10 12 6 8 12 -20 -32 0 -4 -10 24 -40 -12 24 4 -14 -82 14 10 -22 -18 16 22 -28 -10 -2 -8 -18 32 8 14 -46 -48 -22 54 40 -34 -2 12 -16 -46
-108 -38 14 8 56 -74 -58 -2 -70 12 44 8 8 8 -40 -4 42 -56 38 20 -40 2 84 8 -108 0 92 54 24 -8 28 -2 -14 -24 -22 38 -28 -18 12 -20 64 80 124 0 -20 -18 -76 -50 68 -76 2 30 64 56 -18 -48 -20 -34 -4 -50
-60 -10 10 20 22 -70 -34 -2 -86 30 -38 4 -10 -16 50 -2 14 2 12 -42 -20 44 44 30 -52 16 -2 -48 38 -16 10 -52 30 6 30 10 -2 -54 36 -6 68 4 -54 -42 34 -6 6 -14 50 -12 -56 18 -14 6 -2 22 2 0 0 -6
-44 42 -22 6 -66 92 -74 52 -52 -50 46 -10 12 26 -26 -40 -6 28 -22 -18 16 -38 2 -84 -2 -44 -34 -16 -34 72 -12 -24 -16 12 -18 -70 16 56 -14 52 98 -30 40 -34 -6 6 46 56 -40 -36 -74 12 -62 42 38 12 -16 -90 60 48
-4 -22 -14 32 76 -64 44 -26 8 -10 -12 -2 -14 24 8 -32 40 -48 58 -6 42 -34 -2 36 70 20 -18 -20 -62 62 -10 -42 80 24 30 -64 12 -2 6 40 30 48 -54 -26 -16 20 6 -8 -46 -28 -60 -18 -34 6 -8 -6 28 -26 -16 -8
-64 -58 38 -6 34 -4 -72 -20 -88 -32 46 -30 -14 60 80 -16 -36 -84 -18 -16 -26 22 -36 26 0 48 54 0 -8 -56 -18 6 18 -18 -2 70 10 -60 -28 8 92 -54 -76 46 -10 4 70 -34 2 0 22 -10 10 24 -20 -36 -2 122 84 -68
-98 48 54 4 -4 46 -26 -66 -66 -26 -52 -24 -36 32 40 -2 54 -76 -4 -30 30 8 24 12 -92 -40 -54 -18 -94 -126 -54 -8 8 40 -44 30 42 42 48 34 28 40 -22 -12 58 32 14 54 -82 -54 90 -8 -20 52 -26 34 2 94 -16 42
-72 6 -30 -22 -26 78 -8 66 6 6 -30 6 2 32 110 -36 -14 -32 -36 24 24 8 16 42 -40 -28 56 -34 -56 50 30 -14 24 6 12 64 18 20 -30 16 -124 0 -26 34 -4 0 60 -56 -2 42 -28 24 -16 -4 -4 16 8 -82 -16 -48
12 44 -24 2 22 -20 -12 -26 -40 16 16 52 24 8 -12 -6 -18 -14 10 -30 -32 34 18 30 -30 26 2 -22 -46 -46 72 -24 -22 -24 -20 -30 -44 6 -10 12 -10 0 -6 -22 30 -40 34 2 4 10 -38 -34 6 14 -10 -2 10 74 -24 -30
-56 26 20 -4 72 -52 -44 12 -18 10 -2 -6 -28 20 62 -30 -46 16 26 -16 16 -4 -42 56 22 0 32 -52 6 42 38 8 -2 60 -6 -44 -18 -42 -36 -2 -30 14 72 0 -2 -6 54 -48 -6 6 -58 6 22 36 -14 0 -20 -114 -14 -6
-96 -54 36 4 -38 30 16 -18 2 -14 -46 -4 6 22 -84 -12 0 -26 -10 12 14 2 -66 -56 -86 -4 42 -6 24 18 4 70 -50 2 -48 0 38 -62 -24 40 -12 80 32 -12 10 36 -40 2 -12 -46 90 46 -58 14 30 18 14 126 -12 -38
-62 -56 50 8 16 52 -16 -16 -72 8 -22 36 -26 -8 82 16 -48 -22 12 -4 -18 18 -54 34 56 22 34 -10 -62 -48 52 -6 -12 -4 32 20 -10 -16 2 70 2 -14 30 12 -2 2 54 8 -40 80 -82 12 -18 14 0 -8 4 48 -10 46
64 12 -50 2 -52 52 -52 36 -78 4 50 38 -36 -14 -58 50 -32 -14 22 2 -58 -14 -60 40 60 -14 84 -52 -22 -60 -24 -14 -22 4 -2 26 -48 -76 10 -38 -52 24 -60 -2 -60 12 38 8 44 -10 96 -12 -92 72 -22 34 -46 76 6 -62
-98 48 24 -6 4 18 -36 26 14 -14 -64 28 22 -10 -24 -4 -8 -12 10 -4 -6 -10 -68 18 78 -12 46 -22 42 -16 -38 32 -32 -18 10 46 8 -66 20 34 -58 -2 10 40 -10 -2 -14 -20 -62 38 4 4 -48 -26 -48 -12 -10 62 -16 28
-6 -4 -50 -28 -8 -66 -42 -4 12 -38 -54 34 32 -38 40 0 56 32 -34 -2 -14 -8 -52 4 70 -20 -14 -28 30 -82 -72 14 10 -4 12 24 -34 -48 -6 64 60 38 52 -2 4 30 70 24 4 62 -40 62 -6 14 50 28 -38 88 44 28
28 52 -52 6 -22 32 -6 -54 -36 -20 -54 44 -16 -80 -90 -68 -4 64 36 8 18 -40 38 -60 -38 8 34 66 34 28 30 14 -14 22 -28 -22 -6 0 -48 32 40 -48 32 -24 -22 -24 -2 -50 -32 0 86 32 46 -14 8 10 -20 36 -32 -16
44 -4 -18 -26 -32 54 -54 8 -20 -12 2 10 8 2 -62 -54 12 0 -8 -10 54 -48 -28 -58 10 -12 -30 -28 44 12 -64 -16 -4 -28 0 14 -8 -6 12 2 -80 -22 -50 42 4 14 66 40 -80 -2 108 -26 68 -80 -4 40 -28 76 -36 -42
2 -8 6 0 24 -38 -32 0 -62 14 -20 20 -24 -16 -22 16 -32 2 0 -6 6 4 24 2 -16 -14 22 32 -18 -32 14 8 -30 -16 0 -80 -8 8 6 -2 -82 -6 -10 20 -64 -24 -58 -38 -34 14 -48 -28 36 -16 28 -20 46 98 6 -36
94 -16 -50 -4 82 28 -22 0 58 62 32 0 -10 12 -16 40 26 -30 22 -14 26 24 8 -14 -18 -38 26 34 -56 58 62 -16 -48 -54 -32 -26 34 -20 -28 40 -30 -20 -44 32 -20 -14 -6 -10 26 34 -42 -42 58 70 -8 -40 -2 -46 14 28
-6 -4 -60 2 -2 -16 -50 -16 -42 22 -62 34 30 44 -16 44 -44 -2 24 -30 -18 16 -10 40 -104 30 0 -24 -54 -70 56 -6 -16 -10 -34 -10 -32 -18 2 -6 -48 26 -16 -20 42 -12 -40 0 -20 0 58 -16 8 4 -24 -4 -24 -30 -12 30
26 -56 -40 2 24 -62 -96 18 2 -2 12 -8 14 10 100 26 30 -28 -38 -48 14 -18 36 54 84 14 -36 6 2 42 -48 -4 24 24 18 20 8 -12 66 -70 -42 -62 -64 -16 52 14 -44 18 46 -70 68 32 -64 36 -10 8 -16 -96 -40 90
50 -6 -6 -44 -58 66 34 -22 -66 12 -118 -16 -36 -36 -26 -52 -14 2 -20 28 -62 26 10 -92 26 -38 -38 14 -66 50 -38 60 -2 -44 -26 -8 38 -68 18 90 18 72 18 -22 -76 -14 -22 18 2 -80 -128 -50 56 -66 -22 -20 -66 -46 -26 -44
68 -14 -34 -18 6 -60 10 72 64 -22 62 28 72 -46 12 -26 -6 22 -24 -16 -20 -16 36 6 -60 -8 66 -12 42 -4 -26 -34 -10 -12 24 -78 -10 12 34 -40 62 -28 -24 0 14 -24 -44 6 76 -52 -26 16 -4 -60 6 -12 -36 -58 -26 26
44 -32 -24 -16 -14 -18 88 -2 4 30 2 -58 -34 6 -68 70 74 -28 -10 24 -4 -6 14 -76 96 4 -36 40 36 20 38 18 -14 -8 -36 -16 -8 62 32 -40 2 14 46 -8 -38 24 14 14 16 -46 70 -10 16 2 38 -4 0 -66 -50 -40
0 -16 -20 -32 8 22 32 10 26 -28 -2 -12 6 -28 -52 12 0 -10 -6 12 -4 -10 -6 0 64 8 0 8 72 64 -26 -34 60 20 4 -8 28 38 2 54 4 -46 50 32 -22 8 -32 -4 -22 -40 -10 0 10 -26 -8 -6 2 -48 8 -14
-46 40 -22 -40 -42 36 -68 44 50 -36 -76 30 42 2 -52 0 -26 -12 8 18 -18 0 36 62 24 -4 18 -34 -78 -76 -66 4 6 30 12 22 24 -22 22 -32 76 -76 -112 20 68 28 -32 14 -68 22 86 -6 -52 -12 -20 -8 26 72 24 58
70 -14 -16 24 2 -26 -68 2 -12 -32 10 -60 28 8 -12 -26 -22 -40 -22 -6 38 -8 -2 22 36 -18 20 28 18 60 40 30 -12 -14 26 -6 18 48 28 -2 -78 18 -38 24 -60 22 -48 -2 -8 0 84 2 2 16 -46 34 -24 -66 10 46
-20 -20 22 6 -12 72 -46 26 -68 10 -68 18 0 -20 -64 -30 -8 -24 -2 6 10 -20 30 -4 4 -4 -14 34 -18 -26 -18 -20 16 -2 -4 -22 -8 0 -6 -48 62 -16 -60 -26 -40 4 -12 32 -22 -42 28 20 -20 -42 6 22 10 64 6 52
92 -82 -78 14 12 -20 -40 -8 -24 0 8 24 58 64 20 -4 10 38 -18 -4 46 2 6 92 -56 -8 64 4 0 18 -20 86 -28 -8 -2 -2 -26 -26 12 -64 -58 34 70 0 2 46 94 48 -12 38 -78 44 -46 -66 28 10 14 108 -42 -120
0 48 -68 36 16 20 -18 2 -86 10 22 12 -28 -38 10 -86 12 46 4 -16 44 -4 -6 -74 -66 2 -28 -10 -30 -2 -24 40 -10 -4 -2 -22 28 0 16 20 74 6 -68 48 -60 22 -2 72 -6 -22 -26 -36 -20 26 -22 -30 10 -86 16 44
-44 -10 -88 36 28 10 8 54 12 -10 -26 22 4 78 -6 62 12 -66 2 38 14 38 64 50 54 2 4 -58 14 40 -56 48 -76 -66 22 -32 58 -8 60 72 -92 54 4 32 -34 -54 0 2 34 -72 68 -66 34 68 -16 -26 0 96 -16 -28
-68 6 -84 26 60 24 32 20 58 16 0 20 14 56 -56 18 52 -36 -22 -8 16 4 28 10 -30 18 16 12 -34 18 -42 54 -64 -54 8 16 -2 -4 44 54 2 8 4 14 8 -36 28 -10 28 -42 46 -36 20 34 -8 -36 -32 -38 -14 0
-38 46 54 -18 -58 46 46 14 44 32 -100 -10 -4 50 -40 34 -10 -40 38 14 30 -18 -10 22 58 6 -30 -10 -40 -18 56 -36 -28 16 30 38 -4 30 30 32 18 -44 42 0 48 28 -36 -32 -24 -40 126 -6 26 -36 4 26 -4 -28 -46 38
-86 16 22 -28 -8 -50 -32 16 -76 -38 2 -8 -16 4 90 -26 6 66 -12 12 16 10 60 8 -56 60 48 -8 54 18 -26 -2 16 38 20 -36 0 -68 -18 -6 48 2 102 -8 -8 10 -2 -40 58 10 -66 24 -12 58 16 18 12 -76 -26 -56
48 36 -38 -8 -4 -2 -28 -36 -70 34 2 0 -20 -38 -66 -56 16 -22 -34 18 -22 -18 28 -18 36 12 26 0 -42 -36 40 -32 -10 -28 14 8 2 56 12 48 -66 -18 -56 -8 -26 -40 -42 42 32 -48 -88 30 -44 -2 -6 8 36 44 0 32
16 28 6 14 0 -76 -14 -6 -66 40 54 -46 -6 8 -10 34 74 -58 16 26 4 -4 40 64 74 -22 32 -2 -42 46 64 -16 8 36 18 54 -4 -70 52 32 -40 -38 -46 -12 54 52 -8 6 -30 -14 66 2 -18 -20 16 -20 -20 110 -4 68
16 0 28 6 14 -54 -6 -54 -44 -10 10 -42 -6 -56 24 -12 -34 44 -4 44 60 -18 -18 -16 -2 -2 28 -18 -68 -26 -34 36 8 -4 22 10 4 -70 -24 -20 -38 -44 80 -16 -36 -28 -16 -32 10 -36 -58 -14 56 -34 30 18 -12 -52 22 -12
92 54 22 -34 24 -92 -2 0 66 -30 72 4 -48 -66 -36 -60 28 -62 -44 -14 -8 14 44 56 -118 -26 -46 36 118 -68 68 -34 -2 -12 -20 0 50 -16 -10 -8 98 -52 -14 28 -10 -12 -32 46 56 20 -68 20 -32 64 -50 -2 -6 28 -30 -80
-86 78 -14 -4 2 -54 -26 -30 50 0 18 -22 66 -20 84 -4 34 12 2 2 6 20 -30 -34 76 -22 70 14 42 36 -6 6 6 -10 20 44 -28 -24 30 -42 0 16 36 16 6 18 -72 36 28 -36 96 -30 38 -48 44 -48 -2 126 -80 50
124 2 -86 52 -54 64 40 22 -40 -64 46 30 16 -58 -6 64 -16 42 -18 -20 28 -12 20 54 16 56 -54 -22 -66 20 -58 14 50 -56 32 -10 -16 110 26 -8 -100 -50 -56 34 -42 2 82 20 4 -40 -44 -2 -84 -60 -20 16 24 68 26 -44
4 38 28 -6 -82 24 -16 -36 36 -20 16 6 -10 -18 28 -26 26 -24 -34 10 6 -14 12 -78 -26 2 -10 -6 -64 58 -84 36 -4 16 -18 -20 -12 -16 -22 58 0 -38 -22 -2 -38 38 -2 34 32 -52 -128 30 -6 -10 26 4 32 -80 52 40
-92 -68 -22 -4 -26 50 -14 50 -18 0 -2 10 38 6 72 -42 44 -56 42 -6 -60 -38 78 -38 70 -20 44 2 10 -50 -52 14 -10 -4 28 62 8 52 -4 -54 64 44 -36 -22 54 -14 12 6 68 -34 -14 -16 18 -4 34 12 -52 -124 32 -6
46 30 46 6 66 -2 12 -40 36 66 46 2 -8 -36 -60 -4 -24 24 -54 -6 -8 -14 36 -32 76 6 0 24 -46 -2 8 -2 -18 22 -20 26 -12 -6 -10 -48 72 22 18 8 16 -6 -10 16 -60 4 26 -30 10 -36 -12 -18 6 -30 -30 -18
50 -8 -56 20 20 26 44 38 -50 -70 -14 -22 -42 -16 52 -4 16 56 -22 8 -58 32 84 -38 -70 30 -62 -34 -18 -68 -68 -52 -16 30 6 14 22 44 -6 42 66 -34 96 -32 26 4 4 -8 -32 -48 -84 -38 42 6 0 -22 38 92 0 52
16 -22 2 16 26 28 2 -12 -14 24 -26 -50 -34 12 -78 -8 -28 -26 -32 30 10 -4 -42 12 -50 16 28 38 56 -42 -6 -44 42 8 -22 42 -8 -20 20 50 -26 -30 64 -18 2 36 30 -8 -30 -6 -16 -8 -2 2 -14 4 -22 50 16 -22
-16 126 -18 -14 40 2 40 28 -42 -12 -50 -16 -48 68 -10 -104 44 6 -12 34 16 12 12 30 0 -22 -66 -24 -76 84 -48 30 42 -18 6 2 12 -2 8 -8 110 82 -82 -56 0 -28 88 52 36 -56 28 4 0 -78 56 -14 -2 56 -84 -122
-64 42 8 28 -38 52 24 26 36 -2 26 -2 2 -44 -32 2 32 28 0 -10 10 4 12 2 -56 28 2 -38 -26 6 36 12 -46 -14 -24 -12 12 -8 30 44 14 0 -8 -8 -36 -6 -4 -26 -26 -12 -76 2 -4 -44 12 0 -30 -54 -12 18
6 -48 24 -30 4 -6 42 32 42 2 68 12 -22 -26 4 18 0 -36 -56 -14 4 -20 -28 -2 -2 0 -20 -40 -60 80 38 -16 -48 -44 -6 12 12 -18 12 26 -54 60 26 44 28 0 68 -12 -12 -2 62 38 28 50 -12 10 -34 -40 48 -36
-20 68 80 14 -22 38 64 36 -30 -62 66 -8 2 46 8 -2 -32 36 8 -16 8 8 0 -2 -54 -86 -14 28 8 -74 28 8 18 -62 32 -36 4 14 -18 -6 64 0 46 4 -32 -6 -8 56 -28 -4 8 24 18 -122 46 30 -18 -10 -36 -2
-44 24 24 16 36 102 46 -14 -36 28 -40 -14 -32 -46 -42 52 28 -4 -20 32 -54 -42 -38 -34 20 42 -88 26 48 -2 12 -8 -24 -30 12 36 34 68 -10 -6 -62 -10 76 -2 -48 -6 -70 -32 -52 -22 62 -4 24 40 2 24 8 -114 16 -60
-52 68 18 12 -28 52 -74 -70 26 12 -80 6 40 -20 48 -52 -62 2 0 -2 36 16 -2 -16 -22 -26 38 2 -52 -40 30 32 16 -16 2 12 -8 -30 -38 52 -24 18 -20 16 4 34 -16 -6 18 48 -72 -4 50 16 0 4 -14 74 -20 -42
-66 28 -74 16 -20 12 -40 -6 34 -32 50 40 2 -42 16 -52 16 22 -62 14 24 -34 -64 -2 4 26 -86 -12 20 -52 26 -24 -32 18 -8 62 2 34 -10 16 -62 24 40 30 -14 -36 44 -2 30 48 -68 42 16 60 -4 32 16 70 -38 2
62 60 -68 50 6 40 -20 -22 10 -28 -14 12 24 -2 48 34 26 -16 32 14 24 -2 -14 38 -24 30 24 60 -30 -54 -66 20 -34 54 -32 2 -6 82 -12 -4 -82 60 34 4 -18 26 -72 -54 -40 -32 4 -18 -68 10 0 -10 -6 -52 -6 -20
30 16 0 -6 -2 -14 -36 20 -46 42 -82 -8 -86 -50 84 -60 -58 10 -6 4 -10 36 -30 -22 40 20 12 -30 -18 -34 14 8 -12 50 8 54 -6 -70 -28 -96 -24 -6 46 -24 24 -14 -34 2 -88 60 -26 36 -44 -40 48 40 -66 -4 -32 -40
12 20 -42 18 -38 8 -40 32 54 -28 -32 -6 22 32 -40 28 6 -56 -20 -24 0 -10 34 -44 2 0 0 24 24 -52 -44 14 24 4 14 -38 26 14 48 2 18 22 -46 54 -50 18 -24 2 -12 -42 24 -2 -12 14 -28 6 -18 60 -32 46
-26 24 -50 24 -4 -14 30 56 -30 -60 -24 -4 56 88 -80 54 -46 -46 74 32 36 30 -28 18 -76 -20 -10 4 100 22 2 28 46 16 22 2 24 -18 -48 22 -34 -6 58 -44 -98 -2 -62 -56 26 -36 58 38 10 58 0 16 18 72 -10 -12
32 -4 46 -16 -20 -4 16 -10 14 18 -6 30 42 44 88 24 -40 -68 -48 -12 48 6 18 0 -42 -8 24 -22 -76 12 30 16 -14 32 10 -26 4 20 -18 34 -58 46 100 -6 4 10 -16 6 34 10 -62 30 30 26 10 -2 -14 40 -36 -58
-56 -40 42 10 24 -14 18 -2 2 8 -92 -10 -6 48 -40 -14 6 -6 0 -10 6 6 -16 18 -66 -6 10 26 10 -46 80 -18 -32 12 -12 -2 4 -32 -10 80 -8 30 -10 16 -36 10 4 10 14 42 110 0 26 24 -12 -20 10 -22 -2 26
14 -24 -18 0 34 4 16 10 -38 -6 18 -24 6 -60 102 38 -12 -20 -4 -22 4 18 54 -58 -28 32 -46 8 -84 -62 6 24 -16 28 16 -20 -14 -46 -10 20 90 48 64 20 2 -14 8 38 46 -38 126 16 -42 -16 -6 8 14 -96 0 -4
-8 -38 -10 22 12 76 56 12 -18 -54 -8 -32 -26 28 -12 6 8 14 20 -34 52 -26 -40 -52 -48 14 -32 -34 -32 62 18 8 6 -2 -58 -26 18 -58 4 -52 -42 32 28 22 -28 -14 52 -34 -46 -38 -46 -28 56 80 4 4 4 -90 -2 62
-38 -6 -36 0 52 -50 34 -10 28 -2 12 -38 -32 12 26 -66 20 -18 -32 -26 24 -6 -8 -8 -8 -20 -24 0 -30 16 30 38 30 22 -6 -34 22 14 2 36 -26 -30 -28 -4 24 14 38 12 16 32 12 2 4 36 -16 -28 -14 40 -30 18
-8 -40 -50 -30 28 -8 -72 -36 -74 -12 48 16 -42 10 -8 58 34 24 4 0 -16 6 50 -20 2 -10 -112 -22 -78 -88 60 100 6 10 22 18 -38 38 4 -24 -68 4 94 40 -50 -22 -26 32 -52 -2 92 -42 78 12 14 -36 -12 80 -4 74
66 -12 -56 -24 -42 -50 52 -52 58 -14 14 -12 24 28 -100 58 -18 4 -20 20 0 -28 -36 26 84 2 2 6 -30 36 12 10 -28 2 -2 62 12 54 -12 28 -82 -48 -26 20 28 -2 18 12 -8 68 86 -10 18 24 14 -12 -12 -38 -4 -26
46 -86 -52 0 68 -8 78 -18 18 24 58 6 -46 -54 72 -28 -10 36 -20 28 -48 -18 6 66 30 6 -38 -42 10 -74 -16 -16 2 -4 4 -46 10 -72 -10 -10 -62 4 -46 20 -54 24 12 2 2 24 -68 18 -46 -66 -42 -44 22 106 80 -4
2 6 -62 -20 -28 -8 -24 18 -14 -10 -64 -22 -10 14 -74 0 -30 16 0 -12 -8 22 -46 -16 -120 -6 2 32 -36 46 34 36 -8 -50 -36 30 14 -16 -22 -54 -30 72 -40 -6 -18 -16 28 16 -12 -12 -34 -24 -16 -38 6 -10 16 -34 -2 12
-14 -46 -34 52 -8 12 -50 16 28 -16 14 -8 6 38 4 6 6 -78 18 -4 54 -16 -72 -36 36 78 64 20 -66 -66 16 -10 22 58 8 20 -6 -50 -20 10 -68 -44 112 14 46 34 34 -98 -10 14 -92 -4 28 42 52 -2 -6 92 52 20
-26 -68 -16 -10 80 -32 -110 -20 0 72 -4 -28 -24 10 80 50 -26 -6 10 30 26 18 8 -20 14 -10 -48 0 24 62 22 -38 18 0 58 64 28 -16 2 90 -82 52 -4 -56 70 -28 -98 -34 -12 -80 -68 10 22 42 12 -26 -40 76 60 82
6 -20 -14 34 -60 12 -50 -44 36 -42 46 -18 -14 -8 -70 -14 8 64 28 6 -24 0 4 2 96 -8 -18 42 -48 -62 -18 0 -16 -2 0 60 0 -30 -52 -24 84 18 26 28 14 22 -68 28 -44 32 -4 -24 -2 -46 -2 2 -8 90 22 54
-52 -26 -46 -42 -8 24 10 28 -12 26 28 68 -2 32 -50 20 34 -16 8 24 24 20 18 16 -26 18 6 -12 -52 -98 -4 28 -28 2 -30 -18 22 -32 14 0 -26 20 -22 38 44 -30 2 22 4 6 -56 -28 -16 26 6 -4 -34 80 -6 -2
-18 40 -2 10 -68 46 36 -36 -4 16 -32 24 22 -4 96 -12 26 20 10 12 24 -6 2 -32 66 18 -32 -56 18 30 -8 -10 -14 -2 10 -30 8 24 -8 8 24 -24 36 -28 20 18 68 -2 36 16 -26 -4 28 70 10 -4 -16 -64 -34 -14
86 58 -30 -2 -14 -4 -32 2 8 44 60 48 68 6 86 -40 22 44 32 -6 0 -4 -14 -50 96 20 -18 -8 2 -48 96 84 36 2 8 -18 -44 36 2 -22 76 18 -20 8 -32 8 -14 -54 -42 -12 -48 2 12 -22 -18 -22 28 -74 -6 40
-54 22 54 14 -36 60 -98 32 4 -28 -62 10 -24 40 94 32 -50 0 -20 -16 66 2 0 -8 -44 -54 42 18 -38 -10 8 38 -38 42 2 -4 -10 -22 -42 -46 36 -32 -32 -42 32 12 -32 -44 -54 82 -56 20 10 52 -12 2 30 -82 -40 -66
-20 10 -42 -36 8 52 4 -20 -28 -36 -108 0 62 -18 0 -28 38 26 -36 8 -4 -12 -14 14 -58 4 38 12 56 -48 -62 36 -14 -18 -14 -28 26 -18 10 24 46 0 28 -20 -10 -6 36 -12 -8 -62 -34 14 12 12 -10 12 -8 -30 28 -48
40 56 -16 6 -32 16 -8 24 90 -36 -52 -16 2 2 80 -44 34 -2 28 14 8 -18 52 50 -24 16 0 24 26 -46 22 -40 18 2 0 -52 -6 -58 24 -48 22 -58 60 -10 24 2 -44 54 -58 -72 -46 -24 -38 -60 -6 30 24 -58 -16 -58
82 -34 -74 -10 -40 72 30 62 36 -14 -20 70 -26 -42 -28 -74 -10 -8 -14 46 -46 -20 18 68 80 6 44 -32 12 -92 -58 -10 18 -10 -12 -48 56 4 -46 -12 2 -30 20 2 -8 -32 8 -32 56 46 -38 40 42 18 -16 -26 10 26 18 24
42 46 38 -2 -68 58 -30 38 62 54 -64 48 64 -62 -92 52 26 -36 -12 10 -16 28 12 52 50 -42 28 82 -6 -26 -6 -6 8 6 26 -18 26 14 -72 50 48 30 -78 2 -6 18 -12 12 -20 -30 -68 42 4 -24 -16 -20 -78 36 -6 0
-26 -34 -18 -18 -36 40 -74 8 18 -46 -14 36 10 4 -80 -32 -34 28 -22 -6 -34 10 -16 2 -18 -34 -24 -38 -20 -44 -6 -20 -8 20 -8 -2 2 14 26 -10 -12 12 24 -12 50 -4 88 -4 74 -10 106 -6 -34 -38 6 20 -20 -72 -30 -46
6 24 38 -22 -8 28 -10 10 20 -46 -46 -10 -4 28 60 -10 6 -10 -8 -12 24 -10 18 84 -20 -4 62 -26 -14 44 42 20 -6 56 14 32 18 24 -30 -30 40 -24 18 -32 48 -10 -44 2 -122 -22 -90 2 0 0 36 28 34 -78 28 -4
-54 -20 56 -22 32 -34 -66 -20 14 -36 0 22 -28 -22 -50 8 -12 22 -18 20 44 -6 -62 0 -2 34 54 22 -52 64 -54 -2 12 28 10 8 12 -40 -18 -24 54 -2 46 2 42 22 36 10 10 58 -64 6 36 -20 46 -46 4 6 10 -2
-16 -14 -66 -14 46 22 -34 26 82 14 6 22 4 56 -30 -8 46 -54 -48 -4 38 26 -10 -14 -86 26 -18 0 -24 -44 -12 54 -30 -24 -24 -10 18 -12 30 28 -2 64 -40 16 28 -26 52 -4 24 12 -8 -30 -8 26 4 -26 -44 32 -12 -4
10 14 -72 20 -34 4 -32 -44 -54 6 22 -20 -2 90 -22 -28 -50 -80 0 28 -52 2 -26 -52 8 -30 -34 -30 -26 -12 -78 2 -6 -2 -34 36 38 46 0 24 80 6 26 -52 18 18 -54 76 68 -48 4 -2 -2 100 -12 -26 14 -94 -52 84
-18 30 26 -46 24 28 28 50 60 30 -88 22 -34 42 -34 -68 20 -60 8 -16 -64 -44 2 18 -44 52 68 20 -28 -66 56 -22 68 -40 32 -22 26 78 2 -46 26 -62 -24 -14 -20 0 56 22 -28 -74 -128 26 -20 38 16 32 -40 64 -2 -20
-18 -4 -66 28 -26 14 -72 -56 -42 24 62 -6 -24 -10 0 64 6 18 18 32 -10 -24 -10 -34 40 -2 -64 -2 10 -68 12 -4 -52 -46 -24 14 4 -28 -20 10 -8 4 -58 60 2 -18 -68 -48 40 12 50 -44 62 -66 -48 -12 -14 30 48 54
-10 -58 -58 -26 42 -98 46 -76 -42 14 42 -86 8 -54 20 -28 4 54 -20 -4 -28 24 46 56 -68 -6 -4 42 16 88 30 32 10 4 22 28 12 -28 -4 68 42 -6 -68 -16 -74 -28 22 48 -18 -14 8 40 -46 64 -10 -22 -14 -88 20 -6
-16 -4 -16 26 -34 38 -60 34 26 -34 -62 -34 22 38 -46 -6 -32 10 -8 -30 26 -8 -8 36 16 18 -22 44 -4 -28 -4 -14 -26 -8 2 -42 2 12 54 8 -26 36 -32 32 -30 26 -38 -30 -66 -32 34 12 -22 22 -22 20 -8 22 -26 26
72 -44 18 4 32 -26 76 26 -52 -2 38 2 -18 0 -6 -50 -68 -30 -36 -20 34 -24 4 -4 52 -6 20 -38 -64 8 26 14 22 46 0 48 28 -10 0 6 -6 26 -82 52 36 2 56 42 14 -56 78 -14 12 52 30 6 38 -70 -12 30
2 -22 -8 22 -20 -38 20 12 -42 -24 12 20 0 10 -30 -18 18 -10 2 10 24 -20 10 -40 -52 -34 -14 42 -14 -46 2 -32 -58 -28 -10 8 22 30 -28 -24 72 -4 6 -30 -44 26 34 -26 32 30 -102 48 32 -30 28 -12 36 -42 -12 -24
54 10 -18 -4 44 -50 60 -34 32 -4 6 -16 4 18 38 0 22 16 -30 6 -8 0 -32 14 -2 -6 24 -36 2 20 32 -40 -10 12 -20 -38 -2 12 10 52 -74 -14 -22 20 -12 -18 12 -16 -50 0 52 -32 -28 -20 -38 -4 -10 -80 4 -10
18 14 -16 2 -60 30 -84 42 -74 14 70 -66 78 74 -84 -64 -44 -4 -64 -28 6 -50 28 18 18 -4 6 10 -54 -52 68 -22 -30 -76 8 -28 6 92 -32 74 112 60 -16 -4 -16 -4 60 54 58 -30 -6 16 24 -72 -22 4 30 -26 -66 -2
-30 20 2 36 20 -22 -80 60 64 6 -56 2 6 30 -60 -12 38 -56 34 -6 -26 -6 26 70 32 58 50 -18 -14 -24 -58 -12 -18 -48 -2 -42 8 -8 4 -36 -52 -20 -64 6 34 -16 -78 -32 -56 38 68 -46 -4 30 20 8 2 84 2 -34
-78 4 14 46 -26 34 26 -32 -36 -60 54 -24 30 60 -78 10 -18 -58 -58 -44 50 -18 -38 -34 82 58 60 40 60 70 -44 -22 -106 -24 40 44 -24 34 22 -46 38 -40 -2 38 -74 -40 52 30 -12 0 -34 4 -40 22 -22 16 24 -46 14 40
-54 -4 -24 44 -18 14 42 -6 -34 -26 30 -6 -22 38 -64 10 40 38 4 46 64 44 4 26 -8 -8 20 -10 46 66 -50 32 -88 -42 12 -6 14 -10 38 -12 -28 -24 -2 8 -60 -24 -24 4 30 -54 -12 -32 -10 58 -18 -28 50 -38 20 -16
-32 52 30 42 44 16 24 6 -88 -36 -58 2 -14 32 16 -18 -42 22 -36 -8 6 12 -18 -22 -96 2 24 -36 52 84 44 14 -36 -18 -12 36 -32 -34 2 6 88 36 -28 -12 -18 -20 -40 26 -44 34 -86 -26 0 -50 6 -24 36 2 -48 -72
46 8 -28 24 66 68 28 -30 14 0 20 26 14 -38 0 -6 -18 -36 -30 -2 -24 14 -10 6 78 30 -32 34 52 2 -40 56 -10 -40 -14 -56 2 10 6 -6 26 42 22 -4 -48 -14 40 18 32 -6 76 0 -14 86 -4 -22 -10 92 -36 8
-86 0 14 32 10 30 -16 32 -46 0 2 16 -8 30 98 22 14 -44 12 -12 -24 0 -22 28 -84 0 64 -44 12 -4 -10 -8 18 2 -18 20 -6 26 -32 22 -46 14 -88 -34 22 20 56 50 -92 18 -94 -6 -46 14 6 -8 -14 -18 -12 24
-96 34 -24 -10 10 -14 28 -36 -60 -6 -68 -26 8 4 32 -36 -42 28 42 -32 -48 34 -36 -30 -32 32 -2 50 -8 -54 52 50 -22 8 28 -10 -28 4 -36 28 66 -60 50 -42 -18 -28 22 10 24 -46 78 40 12 44 -22 -12 -26 36 -14 28
10 -32 -30 4 76 74 46 28 48 28 64 -28 12 36 -102 16 -14 42 4 -50 0 30 -40 -34 -8 -40 10 -4 72 64 -74 -34 -28 -40 -22 18 6 -4 22 -70 -42 -70 58 -16 6 -6 22 -4 -26 -2 -56 6 18 -12 8 2 -26 64 -18 14
-84 14 30 20 4 68 44 -48 74 26 38 30 -34 -32 -28 -44 20 -106 26 6 52 10 18 -28 -28 -28 -22 -12 66 54 -10 18 -6 -48 32 10 -2 -32 -20 -46 -26 -118 18 -26 -12 -30 20 48 26 32 100 4 50 -30 -16 -16 34 32 -50 -76
66 64 0 30 -42 10 48 44 46 -2 36 -8 64 52 94 54 -10 -24 56 -14 12 -18 -18 -4 -86 24 16 24 -62 -106 64 -6 4 40 18 42 6 68 8 -22 -76 18 72 22 -16 16 32 30 -32 -52 -40 40 14 -42 20 -10 40 64 -32 10
20 0 40 -20 2 58 18 66 10 -16 -72 18 -60 -38 -46 -44 30 36 -2 8 22 -20 -34 8 -26 60 6 -6 24 -66 -46 56 26 2 -62 -34 50 54 -22 -6 -20 -44 56 24 -40 10 68 -12 36 16 -68 -36 30 56 2 18 -26 -32 0 38
-30 -28 -16 -20 80 68 28 64 88 -28 66 -36 16 -48 -94 18 -46 6 -26 -16 22 -6 26 52 110 -6 -12 -2 -96 -6 -86 4 -20 -34 42 -14 6 -12 12 -66 48 56 -42 6 18 -12 2 -30 -38 -52 -126 28 2 36 -14 -12 30 52 -36 10
86 -40 20 12 14 -20 28 12 -2 -8 34 -76 -12 -28 -54 10 4 24 -52 14 28 -14 -58 14 -78 10 -50 12 14 12 16 -30 28 4 -6 0 -36 28 0 54 -58 66 62 16 -34 -6 58 -26 -28 38 58 8 -16 24 -24 26 -10 14 38 14
-12 0 70 46 12 34 -12 -24 -48 -14 -22 -16 -20 -2 72 -20 36 40 -40 -16 -26 -16 -22 4 -30 8 28 -40 -28 52 22 42 18 66 14 6 -36 64 -20 0 -66 -14 14 -48 24 -22 52 8 24 16 42 40 -14 24 6 0 26 58 -8 52
-74 14 0 -10 24 10 -68 -30 -16 6 50 12 -66 80 -58 32 20 -24 54 44 20 -16 60 -40 -16 -10 -62 -22 8 6 24 -58 22 -56 -26 -12 36 -38 -16 40 78 38 -30 38 -2 -36 -52 10 32 50 26 -32 -2 -6 -20 28 0 -100 0 -20
14 14 36 16 -38 -16 -10 -50 14 42 -12 -18 -6 26 74 44 2 -20 28 -24 -48 32 -6 2 66 -6 24 4 -12 18 -64 14 -2 -32 40 -2 -22 72 -26 -10 8 -54 -10 -30 32 -44 -36 -12 78 32 54 36 12 4 20 -6 -56 -86 -16 -28
40 126 -6 24 -10 14 -56 60 54 -42 14 -40 2 26 -42 -50 -22 56 -60 -30 -16 -12 -4 20 106 24 20 -12 56 -8 -50 14 52 66 0 20 -28 -58 24 -68 50 88 -78 50 -50 12 70 -2 86 12 -30 -58 -40 -44 -10 -16 8 -120 -118 -54
-50 18 -28 -12 46 -24 -2 24 -34 -12 -30 -4 -18 8 20 20 46 -52 2 24 16 -16 -40 4 -18 -4 -42 10 22 20 40 0 -40 -4 24 -2 -30 -42 -2 -38 6 -58 20 2 54 -8 -4 8 -34 -10 -118 -8 -2 4 -6 -10 24 -56 0 2
28 -72 22 32 20 -48 124 -42 -52 14 -8 0 -12 2 -78 -4 -14 14 50 18 8 24 26 -12 68 -30 28 -22 0 -44 -26 -22 -34 -86 16 22 -28 16 -12 -10 48 0 -12 -12 -16 0 -54 -64 -30 14 10 22 38 60 6 -12 -18 26 54 -86
-124 -30 34 34 16 26 -88 22 -22 -32 -4 10 -24 34 -26 -50 22 -12 -2 0 42 0 -2 32 -4 -14 54 0 22 80 -46 52 -16 34 -14 4 2 -76 -6 -38 72 28 92 -50 -8 4 -38 -28 46 34 78 24 28 -84 2 8 32 26 18 -48
36 80 -38 -16 -6 34 -64 -46 6 6 -8 30 32 -60 -44 66 22 48 -12 -34 46 -32 48 -30 -16 -10 -72 -52 -30 4 -68 30 -16 82 -12 -2 4 -22 -26 22 54 16 -46 44 -32 32 -48 -36 -62 -2 -50 -42 -44 82 10 -42 -4 -70 34 -62
36 50 -20 -6 -16 30 -2 48 70 -18 68 22 -6 -44 -52 24 40 56 48 42 -18 -4 -6 0 -12 46 -68 2 34 30 10 -6 -48 4 2 20 2 18 -6 -6 62 -30 36 -14 -10 -28 12 28 -22 -40 -62 -16 -34 -64 20 -2 -46 -86 10 -20
74 4 -18 50 82 18 18 -4 32 12 -78 26 -38 58 -54 22 16 -72 50 10 8 36 -26 60 36 10 -90 -44 -12 0 -70 28 -18 -8 -28 -50 0 24 46 -8 -92 14 54 20 -32 22 68 34 -68 -22 -126 14 -24 36 4 16 -16 -22 34 82
56 50 12 26 -32 8 -34 36 -20 0 -32 12 12 58 -62 -52 -38 8 -26 -44 36 8 16 -58 66 54 -18 38 -38 -28 -62 22 2 -36 18 -52 10 60 -14 -6 32 62 42 -18 -10 30 46 -64 -58 62 0 2 -20 -68 24 2 -8 60 -32 -30
58 -8 20 30 -60 40 10 -32 52 -26 -112 16 64 -40 108 58 -32 16 -14 -10 -46 -16 -16 12 -4 -8 -6 -22 -30 -60 -78 58 -8 -6 0 -72 -16 -4 -26 -76 -26 36 -68 -96 -42 2 -54 28 -2 -20 -32 -26 0 -8 -14 12 -44 -20 54 0
-20 -28 -20 30 16 10 -46 -18 -40 -24 16 -6 -12 60 -58 30 -12 -74 10 10 34 -16 -18 54 -20 -18 -10 -8 -50 -54 -40 18 -28 -16 14 8 28 -36 -2 10 -22 40 -40 -28 -16 24 12 42 -2 -10 -6 26 4 18 24 -2 16 62 26 44
26 -26 28 -24 14 52 -28 16 -14 60 42 8 48 38 -6 -18 -32 0 -56 12 0 8 14 2 58 16 34 -20 100 74 -48 32 32 -40 14 -50 22 2 -58 60 112 14 -6 -24 -78 -30 8 32 10 74 -74 -6 36 12 -30 -22 -70 -68 14 -26
-18 50 -24 16 52 38 -50 -26 38 0 -2 6 -36 -72 -2 -8 18 -106 -30 20 -36 30 24 14 68 -12 22 -66 72 62 26 -12 48 40 16 52 -10 -8 20 10 76 26 -4 8 20 2 4 14 0 -6 50 4 -8 14 -22 -50 -70 -84 20 40
-48 52 -50 -10 -6 14 -44 -62 -40 12 -122 -18 -24 -2 0 -46 -2 12 24 12 74 10 -2 -20 -30 12 6 20 -52 68 -50 -46 -8 -28 6 36 -4 20 -12 -18 -14 44 50 -4 12 0 -48 -10 56 -36 110 16 14 -2 8 0 10 -8 -28 -58
-96 -6 16 -2 28 -62 -68 -18 6 -24 20 -6 -16 54 -54 0 -12 12 18 18 58 -14 -8 -24 8 -8 16 -4 -88 34 -36 10 54 12 -44 52 2 34 4 -28 6 30 -88 -16 -8 -14 -10 6 -76 0 126 -46 8 -64 -20 -24 2 70 28 -14
-76 -12 -24 4 36 -28 -70 -8 58 20 -68 -6 20 28 -54 -12 -46 -4 38 46 64 6 10 18 20 -48 -4 8 32 56 -42 -4 -26 -48 10 -14 2 -4 -32 -14 28 2 56 6 -2 10 -66 76 -52 -10 4 2 42 102 -10 -44 -16 72 -6 60
78 6 14 -12 -46 16 -56 16 -38 -34 -54 16 8 6 -60 44 72 -4 2 12 2 14 8 18 6 -42 8 8 16 16 -42 -50 -40 -56 -2 106 -26 -26 0 8 -54 0 24 0 40 0 -50 24 -42 -40 80 -30 -2 -32 16 32 6 -74 44 30
84 -4 42 2 -18 46 -66 0 68 2 16 18 -8 42 80 20 -44 -50 32 -30 8 30 52 22 98 -28 -100 18 -50 -98 -24 82 -36 38 2 -52 4 110 -10 -24 124 6 -38 -4 -74 -30 2 24 -78 14 -48 -16 76 -12 -14 44 -24 -88 20 40
52 -30 18 30 32 48 40 -46 -68 -18 30 -4 26 34 50 -42 28 40 -16 -6 -14 42 12 -20 -18 -16 -4 -12 -10 72 -38 94 30 -12 -16 46 -12 24 -16 18 -62 28 30 -20 -10 -10 -26 58 -40 -30 12 10 18 18 14 0 -10 -18 -8 -52
0 -80 28 18 -54 -48 66 -6 -44 24 8 24 -4 -6 -92 -38 42 -72 -58 -10 -22 12 52 -32 -20 38 0 -6 -92 -86 -42 44 -6 -2 -36 -4 18 -50 -14 -76 78 -30 -40 20 -80 14 -22 -72 54 18 18 -52 -40 -98 -12 14 18 118 62 80
40 -16 22 6 56 22 72 -4 22 36 22 20 2 -56 58 -2 34 28 28 18 -18 4 38 -18 -14 22 -44 -4 54 -30 30 16 28 2 2 52 -14 -14 -18 -14 -78 -22 36 -6 -10 6 12 -2 50 -20 -64 32 -14 -18 -6 2 -18 34 -2 40
-14 10 0 4 -14 -28 50 6 58 6 -16 -18 46 -46 -34 -42 8 32 -10 0 14 24 -16 34 28 -26 50 16 -10 -30 6 48 -10 70 34 -30 -22 52 16 28 -20 42 48 -16 -6 4 0 -6 52 -64 114 52 -26 74 4 -20 0 -126 6 70
-58 -28 0 20 -28 -2 -96 24 56 -18 8 -14 22 16 -64 46 -18 76 -62 -4 -10 4 -2 36 -76 54 54 32 102 122 34 48 -60 16 -38 -2 -26 -44 -4 -58 -16 54 26 4 -34 6 -26 -68 58 28 62 -26 -12 6 -46 -56 10 -126 68 40
20 -32 -16 -22 72 -64 -76 -22 -12 16 -24 22 -32 -54 -52 -52 4 -12 4 -26 52 -16 -34 -28 -62 -52 6 -58 2 42 -14 -10 32 -36 -4 -20 18 -52 12 -18 -36 -44 -70 18 8 -4 -80 52 22 -70 -68 16 -2 -50 30 8 -26 -52 -38 64
-26 -42 -50 10 28 44 8 28 -26 -10 -26 -8 8 30 -70 20 6 24 -28 -6 8 32 20 6 -84 -22 -16 16 28 -6 -40 8 -2 -42 4 0 -20 -44 44 26 -68 22 -60 24 -26 -34 -8 18 22 4 78 -42 -14 22 -2 -22 -8 -44 10 18
60 18 -8 -22 -24 -24 -30 6 -12 18 0 -8 6 22 -50 -10 6 52 8 -10 -6 10 -32 34 -76 30 8 -6 -48 -40 -14 -2 12 -60 -6 -56 10 4 30 -26 -82 0 -2 18 6 6 14 52 54 38 58 -24 8 62 -16 0 18 126 -38 64
-74 26 -12 -12 -40 -18 0 18 2 28 42 2 26 0 -48 74 -46 -58 8 0 -16 -32 28 54 -40 4 68 -8 8 -46 -24 -92 -8 36 24 -2 -24 -8 -16 -36 -26 4 -50 22 10 16 62 16 -2 -18 90 -52 20 -4 -6 0 58 90 22 76
80 -36 -18 -40 6 -16 -18 -24 -44 12 12 -2 42 -46 46 -72 48 -2 -24 8 18 20 30 -10 2 -54 6 -34 20 4 -8 -56 -30 24 32 12 16 20 12 -52 32 -20 -44 -10 36 -2 -52 18 42 28 -34 -4 -38 36 12 -32 -16 40 -46 -76
-70 -44 46 -20 18 10 4 58 18 16 -70 -16 2 -40 -34 -28 -40 -6 -22 -14 42 12 10 -40 -2 16 -80 -16 30 18 2 4 -12 2 -20 -40 26 -50 -10 40 -70 12 88 38 -14 8 18 -38 86 62 -6 24 94 -44 26 -20 26 12 20 20
124 26 -42 -12 60 -16 54 16 -54 -14 -60 -50 0 8 -42 6 -2 24 -60 10 40 22 2 -38 -48 2 -56 40 -64 42 -56 -4 26 -10 0 28 12 20 -10 66 -40 10 -10 24 -48 14 22 62 54 56 -66 -52 44 -64 -8 -14 34 48 8 -4
14 40 28 52 8 52 -18 0 58 -28 -110 4 58 6 -42 66 -38 24 20 4 76 36 32 68 -56 34 -66 10 -34 46 -36 -26 64 -38 -12 -10 20 -6 8 4 -80 32 -28 54 -42 6 -28 16 -38 -28 -96 -74 -4 -54 -44 -8 -14 -60 10 -10
-20 24 -10 16 -24 -40 -10 -42 54 56 70 -22 0 -34 106 -6 -4 28 26 -4 4 -2 -50 -8 -26 -12 -48 -56 -54 -36 -80 62 10 -32 -56 28 -26 50 -42 12 -82 -40 94 -16 -16 -26 14 0 66 -36 -84 30 -36 -6 12 24 -112 -82 42 50
-56 -50 -32 10 18 28 14 36 -20 -10 -2 10 6 24 32 -68 38 30 -6 -22 26 -8 16 -22 68 12 22 -20 44 20 -18 40 32 -2 10 -44 20 -36 -22 32 54 14 -26 34 -38 12 32 -58 -66 -28 -128 -28 -16 60 -26 -40 -10 68 58 50
-92 -46 -68 6 -22 28 4 -4 -70 -32 28 -22 -16 -4 -50 42 20 10 -18 34 50 32 -62 -32 50 -24 16 -36 -2 82 -62 -12 -8 6 0 52 -4 -34 -16 -10 114 38 62 -22 62 8 22 2 -64 60 78 2 0 30 -22 6 2 16 -32 -44
-84 26 -60 -10 -26 -26 72 -8 -66 -20 -12 18 36 -12 -22 -30 -16 58 16 -24 -20 36 38 -14 -48 24 52 -28 50 -16 -34 -44 14 40 0 26 -22 20 0 -44 58 -42 76 -30 18 4 -12 -4 -36 -56 -84 14 -48 -40 -8 8 20 46 -8 -2
-4 8 -52 44 10 24 20 26 -32 -12 38 -16 -8 22 -48 -24 56 18 0 20 44 24 36 14 -52 -6 -20 -4 28 26 -50 24 -58 -48 16 0 -22 -34 62 50 -44 -18 -10 18 -36 -20 -4 -2 42 -22 6 -40 -18 10 -10 -22 38 -10 -26 -14
18 66 10 -38 38 22 74 -14 76 -8 -16 26 4 86 -58 32 -84 -88 -88 -26 18 20 8 54 -16 -26 36 -50 -58 -64 16 -38 32 52 -4 -12 12 -32 -6 26 -36 68 -20 20 -16 2 -46 54 -12 -22 -84 -8 32 80 22 -36 48 126 -40 30
-8 -38 -34 -38 -32 -70 -16 -80 24 -14 -18 30 -22 -40 -4 -76 -60 52 -12 10 -30 8 -12 42 -40 -6 -50 38 -24 76 -20 74 10 -32 -62 24 8 -18 -52 44 68 22 80 -10 -40 -14 0 -26 28 58 -128 -28 -40 8 -36 -12 -12 -40 -34 -36
-54 16 -36 -22 24 26 -54 -16 -14 -54 -30 -16 26 -34 -14 2 8 64 2 -40 30 34 -18 -8 -60 32 -22 22 -58 20 -14 52 -28 2 -24 76 20 30 -38 46 -34 -40 32 -4 -10 16 78 24 -72 -36 -14 -10 -28 -42 40 26 -22 48 6 8
12 22 36 54 -34 30 -66 14 52 -40 24 -8 36 -26 82 10 6 66 2 16 -12 -8 -52 -18 90 -30 64 -28 84 56 -48 -52 -8 30 -30 -54 -8 -2 -34 -36 102 -44 -90 30 -62 44 -34 2 66 0 -66 -66 44 4 -48 -24 34 90 -2 80
58 -4 -54 14 34 18 -36 -18 -44 -14 28 8 8 24 -52 -4 10 -38 -28 20 40 6 -14 -44 -58 -2 -34 -14 -68 -96 -50 40 -38 -24 12 -16 8 -28 16 -14 56 48 -50 -30 -28 20 48 -14 42 14 -30 34 10 -28 20 14 16 104 -10 -4
-40 -4 -60 48 18 -42 84 -46 14 6 -14 -4 24 66 4 -22 -66 46 -38 0 2 26 -22 -54 -4 0 -66 -48 -8 66 -48 -12 -28 -50 -32 -42 -50 48 -10 40 -78 52 74 -56 -40 -28 40 -18 76 36 -50 -18 28 60 10 -2 -2 -60 -26 -66
-80 30 18 -28 60 42 -12 -28 -40 42 -18 62 -54 -32 -112 38 46 -22 8 34 -34 -104 -36 24 -98 52 -10 -68 -66 -50 -82 -26 2 38 58 -2 88 -56 10 2 10 6 26 -94 -10 88 20 -2 -12 48 2 -40 -54 -26 64 -30 46 52 32 -18
14 -18 36 2 -42 26 -78 50 30 -12 -60 4 18 -74 6 -54 -50 -32 -64 6 0 -14 50 -8 8 -26 -38 40 8 6 78 6 -18 -74 8 28 12 -28 10 -78 46 -4 -68 -24 12 18 -62 -72 52 20 8 -14 -44 -58 2 0 -50 16 -40 -28
60 126 48 46 42 2 -120 -62 6 -50 -16 54 -46 22 -24 -56 -94 -82 -90 62 56 6 -76 -14 -16 64 -72 -4 24 6 -80 -96 38 18 6 -6 44 -32 -4 4 -90 124 -66 26 -72 46 46 38 28 16 88 22 52 -14 -40 50 -48 -16 -114 112
50 -20 62 -78 36 -28 -28 -52 -16 26 -38 -24 -14 62 -104 -36 -26 -58 60 72 46 28 -44 -24 -36 126 -4 12 34 -42 -76 -50 76 -94 8 -94 -22 28 2 12 62 -48 64 -22 22 -6 38 -86 -10 -48 -88 56 48 -56 -6 10 -12 -40 -46 76
68 -32 126 80 -24 -54 -26 -80 -88 -12 -46 -40 -46 -44 -56 0 -20 -68 48 26 6 -82 -38 -42 -60 -26 -12 -24 116 118 -52 -72 -128 80 126 40 32 10 -62 -76 -18 -72 76 30 -124 -18 -26 -30 8 68 -82 100 0 -66 -64 -12 36 -112 -2 -10
34 -6 126 68 -58 -18 6 26 -80 -54 -22 -44 30 -20 -96 -2 -42 -52 52 -42 -32 -26 -28 -50 -52 8 26 24 106 116 -66 -76 -126 70 98 38 -60 48 -46 -72 6 -62 58 82 -84 -66 12 10 -22 38 -64 62 2 -48 -72 54 -10 -30 -18 30
44 18 -22 -14 4 12 -26 52 -38 -46 -8 20 0 -18 -56 2 28 18 56 2 14 -10 6 26 48 -12 52 38 -16 -16 14 -22 18 0 12 -118 26 -38 -8 -40 -38 -12 -30 30 -70 6 38 46 6 0 -124 -24 0 34 -4 12 46 10 -4 10
-20 -46 22 4 -30 -50 36 2 72 88 -16 -14 40 -6 -12 -56 24 -2 26 22 -30 -14 12 26 -56 32 -30 -14 -70 14 34 -54 -30 -58 8 -124 12 -26 -4 -14 -52 46 -42 -2 88 16 -82 -12 18 12 -14 -6 54 -36 -46 12 -36 -36 -52 28
74 -44 38 -22 -24 -32 -54 24 46 -18 -16 -40 60 4 -38 8 -24 -6 -32 -4 44 8 28 16 72 2 -48 14 56 38 -28 96 -10 74 40 -118 -10 -72 22 -30 68 -30 98 6 50 20 -22 -4 106 22 90 16 -34 30 14 8 46 -14 -34 -78
84 48 -124 62 20 64 24 54 82 -104 48 46 30 86 -30 -4 -42 -6 -24 16 44 -30 12 10 32 -40 -6 -52 112 -58 -22 60 8 -100 -44 -46 44 32 38 -16 -6 54 2 62 -72 24 -2 44 20 16 -76 -84 16 36 20 -26 4 -34 -22 -66
0 18 36 -22 -52 -30 -50 -32 124 4 4 10 66 -34 112 -70 -14 -56 -76 26 -12 -32 34 48 -38 8 0 -20 12 -44 74 -80 -74 -2 16 24 -26 70 -22 40 -8 14 2 48 84 -14 -62 -42 50 46 -88 72 34 40 12 12 -10 8 -4 -46
30 -38 -42 2 80 -32 112 38 42 -10 -40 10 20 56 10 8 78 -116 92 -8 12 -16 -10 24 52 -24 -12 36 -124 124 -88 28 -2 -106 74 74 -36 54 -2 34 -68 -116 30 -80 -20 42 22 62 32 58 4 -66 28 -26 76 12 122 -60 -44 16
-52 -28 112 -12 52 -48 90 -38 -82 -16 4 20 -40 -62 -78 -36 -18 -38 -38 22 -70 8 64 -2 20 102 -26 8 74 14 -38 -92 -44 -16 22 -56 -14 62 12 46 50 -30 -86 -14 90 -24 -32 -40 -4 46 2 124 -76 6 -22 48 44 -108 22 -82
-114 -20 102 -6 62 -76 0 -62 -66 78 -88 -10 -10 58 -114 -36 -44 -6 74 24 -34 26 54 -14 -44 -70 -50 18 70 76 -60 -84 -6 68 66 38 -34 -32 8 -22 98 24 -28 -40 10 -20 -34 8 44 -18 -128 -28 104 36 14 -64 16 -6 -8 34
8 -20 88 20 -36 -50 -62 -10 -72 -100 -12 14 -30 52 102 10 62 28 -78 2 -46 10 16 -24 -98 20 6 -14 -88 30 16 -14 64 -68 0 -102 22 -10 4 -62 -4 36 -14 0 -2 0 24 26 22 70 -126 10 -60 -30 28 44 52 -32 12 -36
-72 -6 -72 -4 -70 26 28 -18 52 14 -48 38 -46 74 -16 12 -56 -2 48 -34 74 44 16 -4 46 36 -14 -30 -6 -74 -16 -88 -28 58 -4 -124 52 -64 12 -28 8 -44 -96 -20 6 2 -50 -20 38 -70 -82 -42 70 6 30 -22 0 68 0 -26
-6 -52 -92 -24 -48 -56 40 20 -42 -124 -26 -2 -2 -26 16 62 68 34 42 50 78 58 -4 16 -6 2 -30 70 -2 -50 -52 -32 52 -100 -2 40 32 -40 50 50 34 60 -30 14 -70 34 2 14 -18 84 -16 -30 6 -58 0 32 40 -40 20 -2
-16 14 2 6 10 0 48 0 4 104 0 -4 110 -44 18 -60 0 -16 -8 -24 -56 -26 -74 68 -16 -44 12 10 26 26 -20 100 -30 -72 10 38 -58 0 10 -52 -66 -6 -30 -26 0 36 12 -64 -56 -48 -92 10 4 -112 16 -14 -64 48 12 46
-64 -12 -94 -26 16 10 -10 62 78 -56 26 -6 36 -54 -96 -12 26 46 -18 22 0 -20 46 -6 -14 24 -56 6 -68 -22 50 124 26 -80 -54 -54 46 -72 26 64 -4 72 -42 40 24 12 36 10 -66 -4 -38 -60 -32 4 -22 12 56 40 22 68
-22 126 98 20 40 -42 -122 2 22 44 -48 30 86 -62 -66 -26 -34 -80 -74 4 6 -38 -10 -12 -108 18 80 -64 84 12 44 -40 76 126 70 34 -30 -52 12 -82 2 -12 40 10 -34 -68 52 -54 -94 -70 -28 16 24 6 22 4 -66 84 -56 68
76 -28 -6 24 -16 26 -36 8 20 16 44 0 30 40 80 -56 16 -76 44 -34 24 14 6 -2 66 4 50 38 -6 -52 12 2 -38 -42 -24 -18 26 30 -52 -46 56 -88 42 18 24 40 8 -10 16 -34 -126 -2 8 -18 -4 -28 24 34 -34 -32
26 8 -12 -50 -12 32 126 -78 78 2 -32 -38 18 30 -50 -56 -58 16 58 -8 0 -8 12 12 -84 -60 -16 22 68 -4 16 36 6 56 -20 -38 20 -10 -26 -10 -14 -46 -60 -2 16 -4 -74 -6 48 -68 -54 -38 -48 -54 18 32 -18 6 80 -20
26 -66 -66 -30 -34 -16 18 10 90 108 -26 -10 20 -16 -74 -38 -6 26 6 24 -4 -6 14 -38 0 14 -42 -16 2 -4 -100 -66 52 126 -80 -100 2 4 -12 8 -72 -18 -2 42 56 -12 -64 44 -104 -20 -64 -40 32 102 -50 -20 -60 -20 52 10
-56 124 112 4 8 -48 -106 40 -24 -46 -34 26 -46 -4 -126 96 60 56 -44 32 -52 -22 -48 4 -44 -68 72 -76 -72 -62 -50 -50 68 126 50 -8 -44 -82 70 -36 56 92 8 -50 -52 -10 48 -52 -54 -12 42 50 -8 96 70 -36 50 114 6 62
8 -62 -14 28 12 -44 -4 -42 -44 -14 -44 -20 -18 -78 -118 -14 126 -30 126 -58 48 -10 2 40 -10 52 -4 -26 78 52 -34 -40 -78 26 -18 -34 16 -30 44 22 -54 -126 -66 -16 32 6 80 -72 10 -66 22 -48 8 20 2 8 -48 30 -8 48
-18 -20 78 -44 -36 -46 28 14 -42 34 -28 -40 16 44 -88 6 -28 64 80 -12 4 -18 38 -22 -54 -4 -4 40 96 64 -34 46 54 -8 50 4 -8 52 10 -56 66 -26 -52 -36 -24 -4 -38 -48 -52 -54 -128 -50 60 -30 4 -46 38 6 2 -12
-58 -84 62 -58 42 -60 -28 -14 -66 72 -8 -6 -8 -36 -112 30 62 -72 22 78 -28 8 14 38 -76 84 56 -76 74 -18 -58 -34 -46 -82 66 -126 -20 -62 -38 -22 72 -84 38 -24 20 -50 100 -66 14 -6 -94 22 74 2 0 20 12 -50 -26 -18
-98 -16 -52 -30 8 -44 -26 40 -4 -56 -122 -74 -96 -80 -76 18 30 -24 4 0 12 6 -22 -24 56 34 8 48 -82 -44 18 -80 26 -72 -24 -28 44 -82 46 34 -30 24 -54 -18 58 -56 28 8 76 -18 -68 -52 -86 34 -28 -48 56 -24 -20 -26
22 -26 60 16 4 -6 46 -38 -72 46 6 42 -48 -42 -92 -24 46 40 -10 46 -22 -126 -54 -12 -84 32 -12 -62 -80 -34 -72 -46 -2 -4 50 56 96 -6 -40 44 22 12 58 -104 -48 120 4 -34 46 56 -74 -28 -26 -46 60 -24 54 -126 14 -54
66 70 4 -6 -16 -10 -54 -36 80 126 -8 -2 -26 4 -4 -30 -64 -72 -14 -68 -4 -50 6 -30 -2 -6 -38 -20 -108 -44 -100 -44 -22 66 -30 52 -42 -30 -16 -50 -80 -106 -12 58 100 2 -18 -20 -46 -84 40 20 -4 -26 32 -26 50 20 12 -32
-28 -6 -56 -10 -88 -10 30 -16 -66 -56 20 -8 12 48 -100 46 64 -126 0 -16 26 -34 -30 -8 -34 46 -36 20 18 16 10 2 84 -56 -92 -82 46 -44 18 -8 2 -44 -66 54 -60 22 54 2 -82 -70 22 -50 -8 -42 34 42 -78 30 22 82
106 -6 8 -24 -22 -14 -16 72 26 -14 -128 16 8 -88 46 34 -12 -30 -70 -2 -92 -22 -8 8 62 -38 -16 -10 -76 -36 22 16 -10 24 14 -90 -14 -22 14 -96 52 -58 -52 -18 16 -6 6 -2 -36 16 -106 -24 -34 -40 8 34 -24 20 -6 -22
92 62 -2 -8 -16 28 46 22 -16 8 28 30 -6 -14 98 -56 -36 -68 -42 -18 -4 0 -6 8 30 -10 -8 -8 126 42 54 -60 -84 -48 32 -44 2 -16 4 -2 -30 -106 30 -12 -24 0 -34 -48 28 2 126 14 56 36 16 6 -52 -8 -30 -20
50 32 68 -24 28 -60 36 -8 -46 46 -14 28 -30 50 -80 70 -26 -16 -42 -34 -46 26 70 -12 -82 -50 52 -28 -16 -100 -62 -50 -36 42 32 82 -6 68 16 -4 42 -14 22 24 -22 -12 4 -10 -72 44 -68 72 -64 40 66 -70 30 -12 -12 -52
-64 -60 -60 -64 56 26 -74 34 -54 28 -66 8 6 -22 -86 22 -62 6 -72 -56 20 -10 90 -20 -50 42 -32 -44 8 14 30 12 2 -86 12 126 26 16 30 -76 96 -2 8 30 -72 -22 -2 -30 -22 2 -100 30 4 16 40 -12 -24 30 -34 -60
34 -68 64 -42 56 6 -68 56 -66 -76 -64 2 -24 -10 -108 36 -24 2 -12 20 -6 -20 -28 14 -72 -32 -48 -32 12 42 -12 -122 46 36 50 -8 12 44 2 110 4 -54 -86 30 74 22 -32 -40 -2 24 86 -52 -2 52 -46 2 54 52 66 34
-8 -10 72 -10 -26 -32 -28 32 56 16 -72 -2 40 -32 6 26 -60 -24 -2 10 62 -44 -40 -10 14 20 24 46 26 -68 68 54 -38 0 48 -102 -34 -34 4 -28 58 -12 -86 18 -34 38 14 -50 6 -28 42 -104 22 -16 -12 -10 28 -18 -40 34
-74 -78 122 52 86 -4 -84 42 -84 12 -18 -38 36 -4 -54 -20 -72 2 64 42 -22 -30 52 10 -78 88 -26 -32 98 34 0 20 -62 110 98 92 -42 -2 4 -48 -56 -28 42 -74 10 -42 -66 -2 78 24 -68 -52 40 -122 64 -34 12 -120 42 38
22 12 24 -32 10 -16 -78 10 28 10 4 -34 16 0 -52 -48 -48 -6 -36 -36 70 -52 -14 -14 16 -50 54 -6 4 64 -86 -82 -74 12 -14 -72 -16 62 2 -124 44 -112 0 38 38 -48 -68 -30 -38 -68 -96 -2 -18 -8 -20 -20 -52 0 -18 -72
84 -54 86 10 96 2 -24 -36 90 26 46 22 8 -62 16 -16 -12 66 -42 -2 -34 -6 64 18 -54 -36 -6 -58 98 36 26 -28 -36 104 8 -68 -32 58 10 -16 32 -68 -102 54 32 -40 -10 104 -14 30 -54 98 -26 -24 -20 -22 24 16 -70 -22
-34 26 18 36 16 8 38 40 80 -78 -14 0 26 16 46 -64 24 -30 20 -6 18 -18 -12 6 8 50 50 -22 -12 118 -70 -12 -4 -36 74 -86 -72 -34 12 -126 74 -54 26 66 -124 -48 54 -58 38 82 -92 24 -4 -76 52 60 6 -88 32 -8
32 -30 70 -10 34 -14 -22 -18 0 50 -8 -22 -6 46 -58 -128 -28 -42 118 76 -16 26 16 16 -16 -84 -2 20 62 -52 -40 -10 40 -78 -26 -70 -8 18 -14 -16 56 -12 -26 -2 -16 -2 -106 106 20 6 72 -26 34 22 -16 -12 -6 18 -64 98
38 54 48 54 -26 -28 -34 12 16 -46 8 -100 20 40 -102 -36 32 -52 32 -36 48 14 4 36 -128 8 10 6 104 126 -90 -22 -24 42 60 54 -58 58 -4 12 16 -20 52 58 -54 -88 28 -28 -14 -12 -82 26 44 -46 -92 32 16 -94 -18 20
10 -30 68 54 40 28 62 4 2 -38 22 -2 42 -70 -74 -74 32 -2 -60 -2 8 -14 22 -30 74 -106 8 46 10 -32 -82 -22 -8 -124 52 58 -28 -12 4 2 44 70 -36 12 -2 10 -58 -50 -28 -42 0 54 -36 28 26 8 36 -34 42 36
44 -38 -8 20 40 0 -18 20 -70 -112 -100 16 -82 -4 58 -34 36 34 -40 -12 -10 36 82 -40 22 -8 -62 0 -38 40 -124 -128 2 -10 -28 16 84 -48 24 -26 -8 -30 70 -18 32 -34 -36 -2 40 50 -74 72 -102 34 20 46 -32 -28 0 -58
-90 -84 -46 44 -24 -14 -44 -32 -66 12 -68 18 10 -50 -76 -84 -32 72 -70 -10 -54 -30 -6 -20 24 -22 -32 -72 -64 -12 56 54 -40 -62 -42 44 -8 6 8 68 -72 -40 -36 -26 -60 12 -54 -32 68 -14 -56 -4 -34 -80 -52 36 -82 14 -92 -96
66 52 24 22 16 -60 34 -60 -46 16 -28 38 -38 24 -90 -48 8 -18 88 22 -22 10 62 56 2 18 -60 10 -84 48 -64 -36 60 28 50 88 -12 34 -18 -70 26 -38 14 -22 68 -12 -32 40 -34 -40 -112 -48 76 -108 -6 12 54 -26 -18 30
-36 -68 56 18 70 -20 24 -30 -92 54 -102 52 -18 -30 -64 34 -12 -6 60 8 -48 6 52 6 22 32 -14 -50 -48 12 -46 6 -22 44 34 -30 -4 56 -42 -62 58 2 -34 -62 34 -28 36 -60 28 0 -114 32 60 4 14 6 -20 -42 -4 76
-66 -24 98 -40 56 -62 54 -32 -74 46 -92 -44 -76 66 -74 -34 26 -4 106 -12 -48 -14 16 -54 -98 4 -40 -14 78 106 -72 20 -28 46 24 52 -34 36 18 -72 36 -50 -10 -38 -8 -6 32 -16 -20 -48 -126 -10 34 -2 42 4 48 14 -18 -8
14 50 20 -58 24 42 60 -14 70 -22 82 -32 -20 -52 -30 -12 -84 -50 8 6 98 -12 46 -82 48 -26 -14 -2 -118 -42 -128 2 46 2 -50 16 -20 -76 2 104 -56 14 -50 -48 28 18 -2 6 -62 -30 -76 -74 -32 8 0 -26 -126 60 6 -22
66 -50 24 -50 -18 -6 70 28 60 10 -66 -26 -40 -30 -70 34 -42 86 2 -16 -10 -12 -28 -4 -76 -52 -24 20 -32 70 -68 -40 -10 -4 12 -40 -40 6 38 -70 -36 38 -12 56 -12 -2 -70 54 -72 -18 44 24 44 120 46 -20 14 -12 12 58
88 -34 22 -10 -30 -8 -54 20 58 76 -22 30 58 -12 -72 54 -8 4 -2 -58 -14 -36 10 -18 -22 -32 -46 20 68 -54 -38 -40 -20 -30 -2 76 -20 0 26 -26 -56 -46 -32 32 -64 12 34 -20 40 -42 -102 48 -10 26 -8 2 -44 20 -4 50
16 -16 36 10 70 10 -60 -22 26 62 -42 -26 6 18 54 16 -2 -38 -42 32 -14 -24 86 32 10 -36 -46 -28 -26 -54 58 32 36 -48 16 120 22 64 6 58 10 -12 -78 24 -62 -50 -40 -40 -40 20 -116 114 -78 -88 30 -12 22 -32 -14 -30
6 -4 122 56 -44 -22 44 8 -20 -32 -8 -50 12 4 -92 10 -42 22 58 -34 -16 10 -22 4 -44 10 46 14 126 126 -78 -76 -98 42 70 58 -82 76 -56 -46 18 -70 62 46 -78 -70 -8 4 -48 8 -74 50 18 -10 -70 50 14 -48 24 22
-66 -22 108 14 16 10 60 94 -28 -4 -28 12 2 66 -70 18 -110 6 -128 42 32 -34 14 -60 -72 14 -6 4 44 -28 -74 6 -8 -54 32 4 -60 -54 14 -60 32 96 74 62 -116 -36 36 -26 -58 70 64 -18 6 -32 8 -14 -44 2 54 -60
12 -32 30 60 -30 40 -86 36 -72 46 -96 24 24 -96 -50 38 -46 -40 -24 0 -66 -4 -14 -8 -36 -28 -10 -54 70 2 -12 -76 -114 60 20 42 -42 -14 6 -78 -64 24 -40 -18 -48 -10 -76 24 -6 -10 -128 50 46 -24 16 -20 -28 -40 56 -66
30 -24 56 18 12 6 110 82 38 54 -10 30 -22 -60 -104 -84 -32 116 -86 48 60 -20 -14 10 -6 -50 46 -16 -54 -12 -78 -42 -56 4 64 2 -16 -26 22 -10 24 -40 64 0 -68 2 -26 34 10 58 -56 30 8 92 -44 -36 76 16 -26 -40
-98 -76 126 -44 16 6 -82 18 -30 32 -66 40 -28 2 -30 40 -70 -74 96 -14 -52 -12 -2 6 -122 -24 -50 4 52 -20 86 -50 -16 40 42 16 14 22 -4 -122 -86 -10 66 46 104 -16 14 38 -52 -24 30 66 4 46 54 76 -76 -76 26 -80
-52 -14 48 64 -20 -42 42 -54 -62 38 20 62 -40 -30 -102 56 46 44 40 34 -22 -116 -42 10 -98 6 6 -34 -56 -4 -40 -40 -100 -14 72 42 110 -28 -52 24 -30 2 50 -58 -24 80 -30 46 44 54 -70 -64 -14 18 38 -44 52 -94 28 -10
44 6 66 -76 2 44 22 -56 -42 -14 20 -18 -10 12 -74 22 -34 -24 -100 58 32 -12 34 52 -68 32 30 58 90 18 0 -38 50 -20 56 -60 34 -12 14 -62 24 94 82 12 -82 -32 2 20 -24 80 -82 -20 -14 -62 -14 0 -4 36 42 -12
