-16 0 -14 -32 60 -40 -52 -70 -36 0 -14 42 62 -24 -34 14 -26 -6 64 54 -34 12 22 44 42 -34 40 -8 -18 2 22 -16 8 -6 -10 -50 10 4 28 42 16 -82 -22 -22 -44 8 0 8 -14 -14 56 -40 -100 44 8 80 44 62 26 -32
46 -4 -58 46 -8 8 118 40 102 36 10 62 -66 4 -22 -28 2 26 -18 -56 -14 -14 -58 -44 36 -6 50 50 22 -32 -88 -10 46 -56 -58 58 -52 -84 -26 -20 -74 50 60 -46 -52 86 -4 -2 56 -46 -104 10 -38 -16 -12 70 -48 0 -8 -6
14 28 -4 4 22 -8 10 -12 -6 -20 14 6 12 0 14 0 -10 24 -80 74 40 -14 6 8 -24 8 -86 32 -124 44 8 -4 6 -10 30 -6 42 -42 -68 20 6 -36 -10 40 0 46 44 16 2 0 24 -58 12 4 2 42 8 -32 34 50
-6 36 -38 6 -38 34 0 50 64 -28 -34 -2 -84 0 12 -10 42 34 -26 -14 48 -2 24 -58 48 -128 18 -28 -6 -38 -30 -6 18 -38 2 18 58 20 -6 12 14 -40 -52 -24 -28 84 10 -6 16 32 -30 -32 -42 -16 26 -12 -42 48 -66 -12
52 -62 -10 46 6 -4 12 34 -68 -18 2 34 -36 10 20 -78 -16 -2 66 -52 10 74 -12 -2 -32 -6 -62 52 -56 12 -58 4 52 34 50 40 -6 48 32 30 -22 4 -26 38 -40 -24 -10 22 -2 26 -2 40 -58 50 50 -66 52 44 -18 -32
30 20 56 40 -66 6 12 14 -20 14 18 20 -58 36 -30 -72 2 -2 88 56 -22 -26 -32 10 2 12 -72 12 46 8 -30 -6 26 46 -52 -66 22 48 18 36 -26 -26 -10 6 -92 18 -26 -26 14 58 14 38 -92 20 14 -12 10 -8 -8 -10
54 -18 -66 46 38 42 42 -58 -38 -38 8 26 44 -48 36 -34 54 -14 -30 18 2 -66 60 60 54 2 -28 -10 36 8 -12 16 54 -44 14 -10 -28 20 22 22 -72 -40 -60 -44 -30 42 -24 -50 6 -46 -82 -2 -72 -10 78 14 -12 42 -28 -52
2 10 -18 -40 -12 40 0 -20 50 -14 16 -20 -36 36 -2 -46 -8 -16 24 -20 -94 -2 6 10 0 -16 -78 0 8 -24 8 -36 12 12 -4 26 6 26 -52 -28 26 0 -72 16 -22 -56 20 -28 -32 6 -14 -72 -26 -2 -30 -10 -18 -12 -14 -10
20 -8 -26 0 -18 -26 -14 0 58 2 16 -6 16 54 2 6 38 0 4 -48 -36 12 -38 -2 -38 22 74 -34 84 -30 -26 14 26 44 -18 -24 -4 30 -52 -36 -34 26 -12 10 32 0 -4 -16 18 -16 -30 60 -56 -2 10 -30 22 12 60 6
-6 -4 -38 -54 -34 28 8 -22 10 16 -32 -26 -12 18 12 40 -78 30 -4 -52 6 10 4 18 -12 16 -48 -8 28 34 -10 -2 30 -32 16 -30 -14 -4 -44 -42 16 48 -8 -32 68 10 28 12 22 -16 12 -74 2 4 4 2 22 -12 4 -18
-40 -38 -80 22 -64 -14 24 -54 16 -72 12 -70 -96 -22 -54 -14 -48 0 48 36 90 -62 -6 68 34 -6 -32 6 82 52 36 28 -40 -28 8 -40 -6 -44 -56 -20 52 -38 -40 -46 114 26 6 -14 -10 -42 30 -62 26 -42 72 24 26 18 -8 -50
74 -128 -78 16 -42 -28 -16 -42 94 40 14 30 -84 48 -20 -78 62 2 48 -128 46 76 26 -50 -20 38 98 18 -124 36 -92 18 -10 6 52 118 -30 50 60 -54 -18 -24 12 6 50 56 38 30 -28 4 -22 34 -98 12 2 14 -84 38 -12 -50
18 -6 -94 -52 20 -12 6 10 26 -4 -4 -30 -52 0 -10 18 14 12 -104 -106 28 42 14 -20 -24 -30 52 22 16 -4 38 42 10 4 -24 10 4 -94 -76 -8 8 -30 28 -14 36 -56 34 -36 -18 -60 14 -12 62 38 -24 64 -2 -4 -8 18
-40 26 -70 86 -36 -2 40 14 -90 22 8 54 -28 50 22 -84 -18 4 -38 80 4 4 -4 -6 36 66 -98 64 -44 -18 2 -10 -60 -46 -24 68 6 50 -54 -6 -48 28 -126 -32 -126 54 -22 10 -20 32 28 48 -82 -20 -52 20 -40 10 -10 50
28 -16 46 -64 -32 -56 24 6 2 24 -12 8 -16 -32 -4 -8 32 -12 56 22 -22 20 -4 42 -6 -22 -26 -24 -26 20 38 6 38 12 20 -54 -6 -22 0 56 18 -2 22 20 28 14 0 -2 -16 -12 30 -32 32 24 32 -2 18 2 -10 -20
30 -22 12 44 24 -28 -54 26 14 -64 22 -20 48 90 -10 -48 34 12 -60 0 38 -24 -42 90 24 -76 -60 -16 -26 44 -38 6 -22 14 -2 18 -78 28 36 -22 -92 -14 -40 24 12 -28 -26 40 -30 -32 22 8 42 -8 -96 46 -24 -6 -16 -28
-36 6 -84 50 -46 12 0 12 16 -8 30 20 50 52 34 -74 0 4 -28 -28 24 28 -44 -50 40 54 20 10 -36 24 -60 4 -50 -44 -24 28 -44 54 20 -36 -94 58 -108 -30 -80 62 -8 28 12 32 60 -30 -78 -68 -24 -6 -34 30 -36 26
-8 2 -16 -66 36 12 38 6 -20 12 8 58 36 -42 -18 -60 -22 6 -44 44 32 -6 -18 -4 22 32 -78 40 6 -44 -6 2 -30 16 48 74 10 58 -40 -20 -14 36 -22 4 -6 -32 2 -38 -42 -68 -26 -8 24 -82 52 10 6 32 -54 -12
18 54 -20 72 16 8 -62 28 -44 -12 -8 -28 38 -26 -70 -76 26 -6 22 -44 -40 -42 -2 4 16 -8 58 -30 -52 50 -18 -38 18 8 -16 18 -8 -74 54 -34 -8 -42 120 -6 -84 32 -28 20 48 58 -10 24 42 -24 -54 -18 -12 -8 -36 -70
74 -58 48 8 6 -32 14 48 80 22 -38 -46 16 6 -30 44 2 38 24 -96 34 74 -38 56 -56 -4 -94 -4 42 10 38 30 -42 52 24 50 0 62 46 -6 -24 -102 -72 12 0 54 22 -24 66 62 40 76 -50 20 0 4 60 12 10 30
18 20 -76 30 -34 -18 -24 -26 -12 -68 0 18 -26 -36 4 -46 6 22 -60 -18 -76 18 -24 -52 -24 -36 -28 -20 -28 36 -12 -20 2 8 -10 62 0 -52 -14 -26 36 -30 -32 22 0 4 28 6 -14 -20 8 -46 10 -54 -16 22 54 -20 60 38
-18 72 -2 -10 18 126 -20 -24 64 46 72 -66 -26 40 24 58 28 28 16 100 50 50 22 -4 50 -36 52 -34 42 16 -14 -2 46 14 4 88 36 -68 -2 42 -6 16 -84 48 56 10 42 16 -2 56 6 -126 -42 2 -4 -10 -126 -8 40 -20
42 38 92 -4 44 -4 -32 -18 -44 -42 -12 38 4 32 2 -54 18 4 -16 -98 -2 -84 -20 -68 12 -24 -30 -10 -4 -6 -26 -28 -6 2 40 10 26 58 2 -2 22 -48 28 14 -126 16 12 -4 -24 24 12 52 -6 -46 -14 -36 20 0 -72 -12
-12 -78 12 44 -62 8 46 -30 -54 -24 26 16 34 4 8 14 -10 -8 50 72 8 -76 66 16 46 4 -10 38 28 4 -34 12 -28 -26 -20 -26 40 28 34 46 46 -12 6 -10 -46 -24 -38 14 -4 24 26 6 -44 32 26 30 124 12 94 20
-14 10 -62 -12 -2 50 26 22 -6 -22 46 -24 -8 -10 -30 -18 36 -8 -14 14 8 14 -48 6 34 30 -38 -12 -32 40 -18 -26 -32 2 -36 12 28 -6 -32 14 0 4 10 8 8 24 -4 8 -46 -38 30 -116 -22 -14 6 22 -44 30 -10 -6
-60 56 -66 -42 10 2 -30 10 -74 30 16 -16 -20 -12 38 -78 0 -20 22 68 -8 22 -48 -40 22 -80 102 0 -16 -36 44 24 -6 36 -14 30 -50 -98 -40 -2 -56 98 -14 -18 16 -126 28 -8 -16 78 30 -18 -18 -50 54 -18 -28 18 -44 50
-4 14 -112 46 -70 -6 -18 -44 -36 -86 0 8 -126 14 22 -124 16 -22 72 12 10 -32 -18 -32 24 -8 -24 22 -26 8 64 -32 -8 -2 20 8 10 -30 -30 -16 14 -16 -2 6 -78 18 -22 -36 2 14 22 38 4 -10 -12 -22 8 -20 -100 -12
78 -78 50 6 -18 50 -30 -8 28 -64 -12 20 18 -34 -30 24 54 0 -26 2 10 -48 46 42 52 0 -32 -12 28 -22 32 -14 48 -74 6 -36 38 -18 4 -26 -68 72 -22 -24 10 126 -32 36 42 -64 -40 16 18 -12 18 -8 -94 36 24 -46
72 -56 -44 64 0 4 -8 -16 -44 50 20 10 -36 64 32 -52 10 -18 14 -44 -10 -42 4 14 -10 4 -86 -20 -70 0 12 12 -34 50 -10 -70 14 -22 -90 6 24 -24 56 28 -46 18 -2 2 48 4 36 -42 -48 46 44 24 -54 -10 58 2
30 6 -56 62 -46 8 -20 -72 -56 14 16 -10 14 44 -10 -28 42 -8 -18 22 34 -14 26 46 -6 22 -114 6 -104 30 -44 -20 -10 -42 -22 -48 -12 78 -40 -48 34 50 -84 -32 -108 62 30 -66 34 64 -40 -94 -58 -16 -12 -24 -10 14 -22 -8
40 6 -90 -52 -28 -32 -32 60 -4 -42 -30 -10 -72 48 20 -6 -20 -6 -64 -72 52 -12 -38 -54 24 -30 -32 -56 8 -48 -66 30 4 32 8 52 -22 -38 -66 10 -18 0 -60 24 10 -22 26 -22 -32 -72 -36 -74 22 -30 -2 -14 -92 -48 -76 34
-8 -8 30 -40 -40 -18 -16 24 -8 18 -28 0 6 -14 24 12 -6 34 -112 -38 18 -32 -4 28 24 -42 -12 -72 -26 26 -18 0 48 -2 60 38 -6 12 -44 6 22 -48 -4 16 2 12 28 76 -22 -22 -6 10 -2 4 -20 26 -10 -4 28 30
-40 42 -26 22 0 -40 46 -14 18 -36 38 -20 42 96 24 -18 14 -20 -34 6 28 -32 -42 30 -2 52 24 -10 -40 58 -38 36 -26 20 32 -68 -108 32 50 -16 -74 54 58 -4 22 -52 -18 -10 -4 -4 30 -12 56 14 -56 -38 -22 -4 0 -18
26 12 -44 -28 -18 34 56 -32 -26 56 -16 12 -6 26 -12 -54 38 10 -60 16 20 -12 -42 -46 8 6 -14 52 32 36 -40 14 52 -40 -42 0 -20 66 -36 -50 58 -50 26 28 20 14 14 -50 8 -4 -42 14 38 40 -70 34 4 -20 4 -20
4 -18 -50 18 46 -72 -20 -46 -36 64 -56 -12 42 2 58 -32 -4 8 -34 18 -12 -40 36 4 -22 -10 64 -22 62 -22 -38 12 14 -12 -16 58 -32 -72 -20 -64 0 44 6 -34 -24 -18 48 -58 46 -28 2 116 -60 16 -26 -2 82 -22 -56 20
-32 6 -20 -46 56 18 -34 -30 -8 -8 2 -20 36 0 -40 -38 6 20 66 48 -2 2 30 28 6 -44 -44 34 -8 -40 -44 -30 -46 34 40 -66 22 4 -34 -16 36 -86 26 -16 -24 -40 36 68 -18 12 -70 -26 0 -2 0 -46 -14 -10 -30 4
-24 68 -10 60 0 -124 8 10 -8 -30 -76 -2 -34 -24 2 44 30 -14 -36 88 14 52 8 2 10 30 38 30 38 14 -14 -4 14 18 -22 48 12 -14 -44 38 -28 28 -66 6 -28 18 16 30 38 10 -10 90 22 -12 -26 -22 -128 -20 34 4
4 32 -48 48 -116 10 -12 22 12 -52 12 -24 -40 4 24 -20 10 -10 76 102 -30 52 6 24 0 -2 -32 6 -32 8 -26 -10 26 12 32 -14 36 -26 -94 -50 36 24 -6 10 -70 -6 2 -24 22 54 -2 -4 -44 -22 -4 26 -54 -4 -50 4
34 -20 52 -16 -30 40 -18 -10 66 -44 6 -34 -42 -44 -14 -4 22 -30 32 50 -18 20 -38 30 8 -30 -30 28 58 -8 34 -34 46 42 -42 -126 -12 42 -62 -18 -70 -40 126 24 -8 6 -4 -34 32 24 16 -32 112 -4 -8 -54 -102 -36 24 -16
30 -42 -70 -54 -110 6 -2 -42 -70 -44 8 10 14 0 -4 6 46 -10 20 74 -50 44 -2 -22 -18 -16 -38 -2 -52 -4 -14 18 14 -32 -34 40 -20 -44 48 70 34 36 -30 0 -30 -36 -50 30 -18 34 12 4 16 -56 -34 8 -56 -14 56 22
-30 12 -120 30 -64 2 10 -22 -38 -56 10 -26 -80 -8 -20 -78 0 -22 4 56 -2 -2 -12 -20 4 10 -26 14 -8 14 -34 -10 10 -18 -46 -2 22 -20 -10 2 10 -26 14 4 2 -4 -34 -54 0 30 2 -6 22 6 16 14 34 -6 -30 -10
6 22 -28 12 -4 -24 12 50 -10 2 2 12 -44 20 86 -76 -10 12 -32 -26 28 -24 -46 30 0 -10 -46 -8 -10 -36 -36 30 34 -46 -6 -54 10 -42 -40 -2 -74 -46 90 -4 -54 -6 -14 -26 -44 -36 -4 -2 74 -52 24 52 -22 14 14 40
28 6 -66 40 -44 2 40 82 -32 -92 -10 28 -28 -56 -12 28 -6 20 76 50 -18 -10 -48 6 8 -2 -52 32 24 38 88 -6 2 -14 -6 -48 16 -32 -30 20 6 -38 30 -4 -40 -56 -28 28 12 34 -6 -66 -14 12 30 -32 2 26 -6 14
24 50 58 24 50 -54 -8 70 -54 -32 -36 34 46 -12 20 22 -52 6 4 -54 36 -26 62 30 -2 6 -56 -2 -8 -6 6 -24 0 -46 4 2 -4 44 86 -30 8 56 14 8 -82 14 52 20 6 52 10 94 2 -22 8 8 64 8 -28 14
82 22 4 -58 -10 -76 -20 -16 -32 -26 -46 -6 -40 -52 -44 -74 14 -2 54 18 52 2 6 -2 42 -10 -54 -64 -56 30 44 2 -6 -10 0 16 -24 -68 -52 4 -32 0 -50 32 -36 -26 -26 26 6 6 -4 4 14 -50 -28 24 -82 -28 -38 60
-22 0 50 34 56 4 -30 42 -32 54 -16 2 -8 22 -2 -48 -52 44 26 -106 64 -50 14 -18 -8 -38 14 0 48 26 6 10 -4 82 70 88 -28 -18 52 -20 -10 42 56 0 -18 22 82 4 -48 -8 6 -64 -78 50 -64 30 68 12 -84 30
32 -50 -36 54 -8 -20 -70 -4 -36 -38 8 -46 12 26 -12 -80 42 -16 -56 24 34 -54 16 64 52 -106 -64 -24 -8 8 -38 10 -14 -8 24 -2 -88 -66 -4 -10 -66 -74 -42 -10 4 38 -38 -14 -24 -68 40 18 44 -12 -124 46 -14 44 -40 -22
-22 16 -78 4 -2 6 -74 22 28 40 10 -12 -56 -80 4 -92 -4 -2 30 20 34 26 -34 -46 36 -32 104 32 -8 -32 -58 -14 28 6 -16 50 72 -126 -60 -2 -62 64 40 -58 -10 -52 32 -56 6 78 56 0 -54 -42 104 26 0 -12 -52 50
-6 4 68 -16 -40 16 -2 12 30 -66 4 12 -32 44 -22 -72 18 -10 -14 36 -38 -42 -42 10 26 -24 -30 -6 -8 -20 -26 -28 -52 32 0 40 72 58 12 -14 -66 -40 -18 40 -66 -104 -14 -30 30 -60 -2 24 66 28 -18 12 -38 24 -44 -18
50 -38 -90 94 -30 26 -36 -10 18 18 28 10 70 0 8 -88 16 -22 -20 -62 48 12 2 -10 64 28 66 20 -30 46 -90 -18 18 24 -38 -94 42 -14 -16 -16 -80 44 66 12 -28 -22 -26 22 50 82 34 22 -14 -4 36 -62 54 -10 -36 2
2 30 -68 -62 -100 -76 58 -30 -58 -40 4 -82 -28 -96 -22 62 38 -56 -22 26 -52 10 38 -56 8 -68 26 0 48 64 -18 -54 -8 -66 -64 -88 54 -82 -20 86 24 -56 -46 42 68 -50 -48 -66 -64 -128 26 -64 -74 -28 124 32 86 -72 -66 34
54 -46 82 12 90 2 50 -126 40 90 4 58 -106 -60 20 -92 -56 32 58 -42 16 60 34 62 38 30 -80 38 -66 38 76 20 18 30 74 -84 -42 -74 -92 -32 -18 28 -36 58 -46 -52 36 12 -18 46 -16 -68 -88 12 -8 -38 -62 -12 -90 -2
-6 -24 100 2 -72 6 -6 20 -8 -36 12 -18 -104 6 -18 -70 2 2 30 50 -14 8 -6 -6 14 -4 20 24 40 -34 46 -34 -30 32 -52 30 12 12 -60 -16 6 34 -12 -46 -48 6 2 4 50 -4 28 -36 -60 18 14 2 -50 18 -110 -14
-54 46 -100 -28 -4 -4 -64 -20 -16 32 -2 -32 -2 -30 22 -86 8 36 16 -14 22 -10 40 58 4 -12 4 6 30 -42 84 0 4 -16 20 -42 60 92 -56 18 26 90 6 -14 -44 -66 16 38 -46 68 -50 4 -36 26 -8 -10 -38 6 -60 58
-38 -30 36 -32 30 -20 42 14 40 -20 8 -8 24 30 32 44 30 -44 22 -60 -42 -52 -12 -14 42 70 -60 74 -4 -28 -30 8 -18 -44 28 -124 20 12 -58 -38 48 32 38 -16 -16 -16 -6 8 40 -8 34 -52 38 36 -34 24 92 26 20 24
12 -36 -108 -6 48 -6 -46 -2 -32 -16 26 -42 -82 -26 22 22 2 14 80 -92 -12 86 68 36 4 -16 60 10 -32 24 -26 -38 -20 -48 44 8 -16 94 8 -42 14 46 40 16 74 -58 20 56 -34 44 -16 30 -48 -34 26 -54 -20 -12 -78 -20
-10 26 44 -70 32 -40 -58 70 82 -38 20 -16 -40 60 -2 -58 10 22 -22 -52 -6 -34 4 0 -4 6 -52 -16 4 -62 -46 48 12 22 -18 -64 36 62 -36 -40 -86 -18 2 2 -8 -6 4 44 -4 -82 -58 2 88 -8 -34 -18 -66 -18 -32 34
18 -2 -16 6 4 -4 -4 4 -12 26 -14 20 -36 -16 -16 -26 -8 20 20 28 6 4 8 32 28 -14 -62 16 -56 20 12 8 10 8 2 -22 4 30 -32 30 12 -2 -20 24 34 -2 4 2 -4 -2 -4 6 -16 18 10 12 30 -18 46 -8
40 0 -72 12 10 4 64 28 116 50 4 24 -40 -86 -20 -96 -4 16 -38 -12 16 -2 -38 -56 44 90 72 36 18 -50 -100 -18 20 -24 -14 20 82 -76 -38 4 -56 -94 36 -50 -52 22 10 -28 28 44 -42 -16 -58 -28 84 76 14 -10 -40 36
40 -52 -58 38 38 12 -102 -42 -24 -30 -6 -4 28 8 28 -60 42 -40 -60 18 2 -72 46 68 64 22 -18 -28 46 -22 -26 30 32 -14 36 -2 -10 -82 -30 4 -76 -88 -50 -26 -18 42 -28 -44 -44 -100 -22 16 10 -18 -118 40 -24 40 -14 -36
18 -4 26 -58 14 0 -6 -4 16 12 -4 -38 28 14 36 -24 -34 10 24 8 -22 -4 -16 28 -12 32 -10 -10 34 14 22 14 -12 4 10 28 38 -10 18 40 -20 -66 -44 -12 32 -24 36 -30 4 -48 -4 -26 64 36 8 10 -4 14 -10 18
-10 22 44 -22 8 -12 -30 -4 -4 -36 0 -32 18 2 12 -34 -20 -18 -16 60 -4 10 42 34 -12 40 -16 -26 2 36 -14 18 -26 32 56 20 18 -44 30 36 0 26 4 26 28 -38 22 18 -16 6 0 -12 48 24 28 -22 40 -4 -6 10
-26 16 -26 -50 30 -8 16 40 32 0 16 -6 8 -4 -2 10 56 -12 -4 -10 4 0 18 -12 -16 10 2 -16 -24 -6 4 6 -38 -14 6 0 -24 -14 22 2 2 24 42 -10 -48 4 -20 6 8 -6 8 -58 -8 50 -28 -18 14 54 -12 -20
-2 -54 50 -2 -24 -8 0 -2 -28 12 34 16 -10 -6 -2 48 -46 -12 42 -28 -2 6 -20 -4 -2 -66 -36 12 14 18 -38 -8 -10 4 8 -10 -42 62 -8 2 30 -10 24 -8 -22 26 8 8 10 -28 18 -14 58 -10 46 24 -20 -26 14 26
-2 20 -2 -24 20 8 2 -38 -4 10 8 -34 -6 -38 4 0 42 6 12 52 2 -6 -4 18 4 -6 -36 2 12 0 -26 12 2 -30 -4 -34 26 -28 -68 -14 12 4 14 -14 6 -4 4 0 2 -6 -4 -18 16 12 -28 32 -10 -58 8 22
-6 -20 30 -6 -8 -8 12 0 16 6 2 -14 18 6 0 -28 16 4 22 98 -2 8 26 20 12 6 -12 10 2 8 26 -4 4 -24 0 -18 2 -8 -66 -4 14 -6 20 -10 -36 -4 20 26 -14 -4 2 12 -10 -18 -12 -2 2 -32 26 -6
-20 26 4 24 -28 -36 -32 22 18 12 -6 -18 -6 -26 -30 26 -14 18 20 -6 0 2 34 -40 8 -6 38 -22 -8 16 -18 -18 -52 38 0 6 -60 18 -30 -34 -18 -34 -8 16 -30 8 42 -4 -14 14 -24 2 22 -14 74 8 20 -6 46 70
0 -36 -12 -44 14 -46 -20 18 2 6 6 2 34 -36 -2 28 14 24 -22 -14 38 8 12 10 10 4 10 16 -8 2 2 44 -4 -20 -6 -6 -22 -28 -4 24 -22 22 20 0 66 18 -4 24 0 -30 8 34 18 40 -20 12 -2 2 44 6
8 -12 6 -24 -18 20 20 -6 -18 20 -12 4 -22 -12 -28 -40 -20 -8 -34 24 -4 2 8 0 8 8 -4 -16 -28 22 2 -4 14 -22 -10 6 -2 -44 4 6 30 -14 -6 -10 -24 12 14 2 12 -10 2 -54 2 -4 -6 16 -2 -16 38 -12
0 -18 20 4 -16 -16 -14 52 6 2 10 16 32 -36 6 -40 24 -10 -2 0 -8 -8 -4 12 -4 -22 30 24 -8 -4 -18 -18 -4 20 -8 18 34 -14 38 18 4 -4 8 16 16 -6 0 -2 2 -14 10 48 -12 20 -6 12 -22 26 12 -50
-8 -4 -64 -46 -46 -12 8 8 32 4 22 14 -28 8 -42 12 8 -4 -40 -40 24 10 6 -20 -10 12 0 -20 38 20 -62 -8 -2 18 18 -6 -30 -42 12 -12 38 38 -30 6 52 2 12 -8 -18 -40 -2 -44 -50 16 -12 12 -32 10 48 24
8 -14 56 14 24 36 -2 18 -12 6 -2 -30 22 20 0 26 -52 -6 -2 -118 -2 4 18 50 -4 -50 -34 -26 18 16 -12 -16 34 -18 -26 -20 48 2 -4 28 26 38 -20 -12 -50 -38 -36 -40 36 36 36 -32 -44 -28 -8 -2 10 -14 -12 36
-16 28 10 -6 6 -14 0 -38 -42 0 6 28 -44 -30 -12 70 10 18 -38 -42 -52 -22 -44 16 18 28 -6 -8 -24 -4 -36 10 -2 -8 -24 -2 -22 -8 -16 -2 -4 -4 -28 8 -4 24 -18 28 -10 26 -24 8 14 0 24 -14 -4 20 -32 -10
26 -46 16 2 28 16 -38 -44 -20 -26 -2 -34 36 -58 -10 54 14 -18 46 -52 22 -12 4 12 -26 -24 -20 -42 28 20 44 -6 12 18 -4 6 -16 20 -34 0 38 -40 -22 62 40 -44 14 28 4 0 -6 -12 -28 32 38 -16 22 -46 -24 8
2 -2 40 -28 6 -26 -10 -4 6 16 -4 4 2 12 -18 -20 -18 4 -4 -38 16 -14 10 14 2 4 -4 -16 4 -28 -22 0 12 -8 4 10 0 26 56 18 24 2 24 -18 6 4 -2 2 14 -16 -4 -36 -2 18 16 -16 22 18 6 -4
6 2 -38 -2 6 24 20 -16 -22 16 -18 -4 -22 -10 6 -16 -4 -24 24 8 -12 12 20 -26 -10 -44 8 -4 34 -40 20 -14 4 -2 6 4 -22 -14 -34 14 26 -38 36 -26 -32 6 20 -30 20 2 -22 -18 -6 -40 -48 -38 18 44 -6 14
40 -2 -38 10 32 -4 4 -6 -66 -12 -8 -14 -36 -18 -28 -12 4 -4 10 10 -36 -16 30 48 14 -8 -44 2 22 10 40 8 4 16 -26 6 54 24 -58 58 -24 -6 -22 10 -24 -30 -8 -34 8 -4 -2 60 0 36 -10 18 20 -28 36 -56
-14 -38 -8 6 -4 4 -24 0 -2 -8 10 -34 -28 8 -48 18 12 -2 52 -14 -18 0 12 34 -20 4 0 -12 -10 -8 -10 -28 0 -8 -22 -36 -6 -54 20 24 12 -12 -6 -4 50 2 8 38 -2 30 18 -8 -38 -58 -28 0 -16 -62 56 -4
-12 -10 -10 14 -14 4 10 -26 0 -2 -2 30 -12 26 -14 -22 -18 24 -20 50 52 22 14 8 22 -22 -2 6 54 -20 2 4 -8 -2 14 22 20 6 -20 8 12 36 -4 2 34 -18 34 -20 -30 -16 -2 -20 -44 -12 28 2 -8 -18 -10 42
8 0 50 -36 22 -20 -6 12 16 -10 -10 -20 -14 -10 -6 44 -30 0 18 -4 34 22 -24 0 2 2 -8 20 2 6 -36 -2 4 0 2 -24 -18 -46 -12 -6 -16 2 -4 -10 54 16 -2 -8 24 -6 -2 -6 -18 46 20 10 12 -10 -24 -14
-4 -12 50 -44 2 16 22 46 4 16 -12 -4 32 -10 6 -20 -14 -2 12 14 -26 -12 -6 32 14 2 48 6 10 -42 -22 22 -2 2 -6 -12 -34 -22 18 40 -34 18 4 -8 38 -20 -4 -26 -4 -12 -10 -2 4 -30 0 -28 -24 2 -28 -58
20 -16 40 18 -18 50 20 36 6 26 -8 40 34 6 -28 44 -14 -12 14 -78 -2 30 20 -14 22 -2 34 -14 -52 -18 16 18 8 10 42 20 -18 -44 36 -28 -14 -48 -6 -4 30 -28 4 -40 -2 -28 -2 26 14 20 8 10 -14 -14 -8 44
2 -24 -46 8 22 -2 18 4 20 -20 4 -16 -6 -18 2 -50 2 6 46 14 0 -4 -4 -16 0 6 16 12 12 -4 2 18 -12 4 -24 12 -50 -20 -18 4 -20 18 -6 -12 -20 2 18 0 -2 -30 12 -42 4 8 12 -14 14 -4 -26 -26
4 -18 -22 -2 0 -10 -20 -2 -6 -4 -6 -32 -46 6 8 -12 24 -2 -28 10 22 -8 -8 -8 6 10 -28 8 -6 0 -2 -4 30 20 10 -2 -8 24 30 2 22 10 -2 -12 0 28 -8 -20 8 6 14 -22 18 -20 -12 -10 28 -10 6 16
-10 0 14 18 -14 -2 4 -10 -4 -20 14 -24 -14 0 8 -4 26 8 6 -20 14 2 -6 -2 34 0 -20 -26 -4 2 -4 -4 -14 -6 -12 6 -12 -10 -32 -2 12 12 -6 -12 -16 -6 -14 -24 -14 26 8 -12 -20 12 -4 2 10 -18 -12 2
54 -48 18 14 -40 2 -46 -50 -16 -38 -12 24 22 8 -18 -32 10 28 -14 -34 -6 -2 46 16 -30 -40 -24 -6 14 24 6 4 14 -22 -4 -52 62 78 10 -16 50 -2 -8 10 -38 -26 -46 22 6 16 -20 14 52 46 -44 18 14 -46 36 -8
-10 -8 -68 -46 -8 -4 -4 12 8 -66 12 -24 -26 14 -18 -68 0 6 -34 0 -22 -6 2 24 -10 6 22 -2 34 -12 -26 28 0 0 -12 14 -6 26 22 8 -10 -6 -14 -10 -10 16 18 20 -4 -48 0 -26 6 10 -10 8 2 -10 -38 16
4 12 -36 -20 8 -36 38 2 16 38 16 -20 4 22 14 -54 -42 -12 0 -24 -16 16 -16 -58 6 16 24 24 -48 30 -40 2 -38 8 -16 48 -48 44 -18 12 -8 -32 36 24 4 -4 26 -36 -28 -14 22 -46 -14 10 6 18 20 -26 -22 32
4 4 22 -84 8 -16 30 24 48 2 10 -6 32 14 -56 0 -16 20 -4 24 46 26 -12 -22 6 4 -30 10 0 -4 -18 4 12 -4 4 60 -18 -4 -26 22 -26 26 34 -30 46 -8 2 0 -4 26 -14 -38 4 -12 -38 0 16 16 0 -58
2 -16 -20 -70 24 42 10 -22 -42 10 -4 10 -14 -34 -2 -30 -64 2 4 -8 -4 10 -54 6 4 -16 -62 30 -54 20 6 -8 18 12 16 -56 -2 -70 -18 -20 44 -4 10 10 0 -18 -2 -28 0 -8 24 -60 -20 -18 8 36 4 6 16 -48
-6 2 -68 4 -8 -10 10 -16 -10 52 32 8 6 0 -10 -32 50 8 -14 -12 -56 4 0 24 -4 26 20 -12 6 6 10 -30 -16 -24 -48 -20 24 6 -4 2 18 -14 16 -10 -58 4 8 0 -6 4 24 -42 4 -12 -60 26 -14 30 30 2
-10 -18 -16 14 28 -2 8 12 18 22 0 -4 -6 -24 -14 4 16 -12 -56 46 0 40 2 -22 -36 8 4 10 -10 -16 -2 66 -50 -22 -16 -50 14 -40 12 -10 -4 34 -2 -32 2 -2 -34 8 16 28 2 -16 -26 14 -2 -4 2 34 6 -58
20 -36 20 18 14 30 -4 26 8 38 -36 30 2 12 -6 20 24 -6 46 4 -32 48 12 0 -26 -14 -30 0 38 -34 22 -32 6 -12 -22 -6 -36 30 -56 42 -40 -14 -14 -6 -56 16 20 30 8 46 -26 32 14 18 -6 20 8 20 -22 8
10 8 50 28 30 -32 -32 12 42 -54 22 -16 -4 38 10 32 -24 4 6 -16 -40 4 28 -18 8 -2 20 -36 -30 -14 46 -34 -20 30 18 12 12 -28 18 8 -18 34 10 -38 2 18 14 -2 -16 48 14 30 -28 -2 -66 -14 18 30 10 -4
-10 14 56 -26 -10 -14 28 -24 22 16 18 -12 -8 26 -20 8 -28 30 32 6 48 24 -50 -36 -10 -16 -18 -8 -4 20 58 2 -18 28 10 -26 14 -30 40 -8 -28 -18 2 40 48 -8 24 -4 -14 4 0 22 16 -18 54 4 -10 36 -4 -6
14 -20 8 38 -32 -16 36 52 0 -2 2 -2 -28 -20 24 20 -30 10 14 -44 6 -18 10 8 8 0 26 -12 28 14 2 44 -4 -40 -34 32 8 -38 -18 22 -56 -32 -24 2 12 4 -6 12 8 -14 42 24 -20 -10 -2 20 -8 -14 -26 22
2 44 10 -28 10 -48 18 -46 58 32 -22 12 -16 16 -4 42 20 18 26 -74 4 -36 -24 -20 20 0 2 -2 6 -2 -20 -2 -2 -22 32 -38 14 -54 52 -30 22 -2 32 12 46 2 8 -16 -14 -8 14 -32 -18 32 0 8 -24 48 -6 -16
-10 8 -62 -20 -76 18 0 -58 -6 12 4 2 20 -14 -4 -48 8 10 14 34 22 -14 -4 -24 8 4 18 14 22 -2 2 0 -6 2 0 -4 -6 -16 20 -2 2 -26 0 -26 -44 -16 8 24 4 -26 4 -28 56 -4 30 8 -6 24 -2 -12
-32 38 -28 0 14 -36 28 18 -12 32 -6 26 4 40 28 -14 -26 34 -24 -38 4 -14 30 -32 30 18 58 -16 -62 14 -30 24 -52 -50 24 -10 38 -44 16 10 -24 14 -12 -40 22 -12 14 48 -20 -8 -8 2 -16 -2 46 38 20 12 -26 -4
8 0 12 8 -44 -30 2 40 -4 -16 14 -12 -10 -28 -8 -4 -32 0 -18 -14 -10 -6 10 40 8 18 12 8 4 -6 12 -10 10 10 10 -32 0 4 -26 -6 -22 6 24 -4 -4 18 8 -20 -10 -16 -14 -4 -34 -2 12 -20 -6 10 -50 -4
-14 26 -42 -2 -4 -6 -4 26 0 -32 2 -10 -40 -14 -10 -42 0 6 14 4 10 -4 -4 16 14 4 2 8 16 6 -24 8 2 -2 -8 22 8 -18 0 4 -16 0 6 10 22 -8 2 -4 -12 -16 2 -30 16 -2 -4 14 0 -14 -20 0
-14 2 2 24 -10 6 -24 -48 -8 -16 -6 16 12 -12 40 8 42 -18 12 24 -60 18 24 -40 -8 4 2 8 4 -2 24 -38 -28 32 18 0 2 -12 2 -20 2 10 -2 2 8 4 12 22 2 20 -4 -16 -6 54 2 -6 20 -6 -22 -28
-14 -26 -30 -46 -38 10 -12 -60 30 -34 -4 -20 2 10 8 -70 -16 10 10 -8 40 12 4 26 14 12 -4 12 -46 -12 22 -10 -24 4 -2 -22 10 -18 26 -10 6 12 -32 -8 124 -16 4 -30 -6 -34 -14 20 -12 2 58 8 8 -56 38 2
-10 -42 -46 6 -12 32 -4 -30 -14 2 24 -36 -26 28 -44 24 22 -8 2 84 8 64 -26 -28 -16 2 36 -20 -2 -16 14 24 18 50 8 20 20 -30 18 2 -4 -20 0 20 -32 -8 -32 -8 16 2 -10 12 36 -40 -26 -8 8 -6 -60 -8
-40 -6 -34 42 4 -6 12 24 54 32 34 22 42 16 58 40 8 16 -12 -30 -18 0 -2 -18 -14 6 26 20 30 -24 -68 -2 -20 18 -4 -12 10 36 -12 -26 14 28 16 -16 36 6 22 16 -18 4 -6 -12 6 28 -2 18 18 36 20 -46
6 28 -2 10 -2 -40 28 0 20 -20 -40 -20 36 18 46 32 60 12 -38 70 44 18 -10 38 10 24 8 -8 10 -20 -2 16 2 -10 8 16 4 -8 50 40 -24 -44 16 10 -6 20 24 10 42 28 8 -10 22 0 -10 -36 -2 -2 24 20
8 38 -44 20 14 18 -8 -14 8 10 -2 10 -8 -6 12 -12 -12 -16 10 2 -30 32 -16 26 -26 -34 28 -2 22 -30 22 -20 16 0 -12 10 4 12 -38 10 -32 -40 34 -8 -26 -28 34 10 18 -2 -32 -18 -26 -20 -30 -18 -4 8 28 14
-6 20 14 -14 -2 -18 80 -16 -76 -66 6 10 26 -6 16 -16 -10 10 12 8 -32 -12 26 38 -22 14 -16 -20 14 42 50 6 -48 4 0 -42 20 -34 24 16 -24 16 -56 48 10 2 -36 -4 2 -28 -8 4 32 26 32 -10 -26 -22 22 -26
12 -16 -68 22 16 -12 -10 -22 -10 16 14 -30 -4 -6 18 -32 0 10 -16 20 48 16 36 14 -6 8 -18 16 12 18 42 12 20 -34 -14 2 -6 -26 2 6 34 22 12 -20 66 8 -6 8 -16 28 10 -34 -20 -10 -38 -4 32 -8 -4 16
-28 30 0 2 10 8 22 10 2 -70 -2 -8 -32 -2 -20 -14 -18 28 12 46 -14 2 6 24 14 -30 -34 -18 28 -36 -48 -2 8 -12 -10 -34 -16 12 -44 20 -16 -14 -30 -10 -16 14 32 -28 -10 -24 -16 -24 24 -14 -8 18 -30 -12 46 -4
-24 22 -48 -46 -80 -46 -64 62 -2 -12 4 -4 -18 -34 20 -52 -64 -40 -32 -50 -46 -18 -30 -36 18 -54 10 26 -16 -42 -76 -28 0 -14 -48 -56 -50 -50 -62 44 -18 -44 28 -86 -10 2 2 -8 -42 -92 -54 -18 -4 -4 88 -32 42 -18 -46 -64
-12 22 42 -40 -2 6 -40 -18 0 -28 -16 -36 12 6 0 0 46 -12 -36 24 -34 -8 -40 -38 -24 -16 24 -16 28 -28 -44 10 -8 -34 -66 10 30 -32 -16 -2 16 -12 18 -36 -18 0 -28 -14 16 -12 -2 -60 70 10 -48 28 24 24 -10 -24
-8 14 -84 -26 -22 -4 38 -44 -28 34 -8 2 -6 -18 10 10 -10 4 -58 -22 46 -40 -6 -2 24 -2 -20 -16 -22 20 -6 30 0 -36 10 -14 -8 -16 44 26 24 -40 8 34 30 -20 -20 -34 -16 -6 -18 -4 60 0 -6 10 28 -56 -26 24
-6 -52 -24 -14 26 -12 6 2 24 -28 10 32 28 34 -4 -34 -6 -30 -10 10 -36 2 -10 -66 0 0 -34 2 -18 26 -36 -34 -6 10 -10 -4 36 -6 18 -4 -46 4 -30 16 48 42 -26 -22 18 -22 38 -18 24 -10 -28 24 34 -2 16 -16
0 26 14 24 -22 -20 -16 -32 10 22 -12 6 -58 10 -32 12 16 38 -42 52 8 -10 -16 4 28 -2 0 16 18 36 -16 -12 18 2 24 -8 10 -26 32 -2 -24 -10 6 30 6 18 14 -10 0 12 2 -44 -18 0 -46 14 -6 -2 -46 -14
-10 50 -10 22 -30 -6 44 24 -16 12 -20 42 42 -30 0 -30 -6 -20 -22 -8 -12 -24 -32 0 2 8 -70 16 48 -36 50 28 20 38 -10 -42 30 -14 -44 44 -20 -42 -42 -28 -60 20 -14 -18 38 -44 14 -10 34 -10 -40 28 14 -8 -22 30
-4 -20 6 16 -16 52 48 -46 -6 38 -26 24 26 -8 46 38 -2 18 46 42 -48 38 -14 -26 -8 10 26 6 28 10 8 -20 -4 -18 -12 12 -12 -46 2 22 -18 -6 -32 -8 -50 4 20 -46 -14 26 20 -52 -10 -2 -22 32 8 32 30 12
10 -2 8 -14 14 16 -12 6 -4 10 -6 -4 -2 10 8 -24 -8 2 16 8 10 -8 2 18 12 -4 -40 2 -16 -2 4 12 10 6 0 -22 8 10 -12 4 -4 -4 34 6 0 2 10 -8 2 -16 -4 -16 -8 8 -2 -12 4 -14 26 8
-36 38 22 -6 -18 -12 -10 8 2 -52 8 -8 -2 -12 14 4 -4 -4 54 38 -26 22 42 28 -12 -6 14 -22 -20 52 -26 10 -42 14 -22 18 -38 -54 6 -10 6 -16 -40 32 22 -40 -26 4 -18 -46 44 16 34 10 -60 14 -18 -22 24 -50
-14 36 -10 32 -16 -16 10 6 34 8 8 -30 -18 -88 16 -24 -32 4 18 -8 -22 30 -8 42 -36 -50 26 6 -12 16 16 -20 -34 6 -16 10 -20 26 14 -6 -28 -10 0 -30 0 -6 48 14 18 -24 30 -14 -10 22 68 -20 24 14 0 28
4 -4 40 20 -34 -40 -24 -48 -16 18 2 6 10 14 -38 -24 14 -12 52 26 18 6 2 -56 16 -70 48 -46 24 -20 -30 -22 -36 8 0 -6 -34 14 36 46 -60 -48 48 -10 -34 -34 46 42 -8 -26 -8 66 58 28 54 28 -30 26 14 12
-24 2 -14 6 -12 -16 -2 -14 -58 16 18 32 16 -14 -38 10 8 38 68 -10 -2 -16 -22 -36 8 -12 14 40 2 -12 -22 -20 2 -6 -26 -18 -66 20 -20 -30 -2 -72 -40 -14 -34 0 -26 -10 6 -10 4 30 -6 -24 -34 8 -10 -22 -10 0
-6 8 6 -20 32 10 -4 -46 -14 38 16 -2 4 20 22 18 -40 0 30 -20 4 -8 -10 20 -4 -10 -20 30 -4 10 -20 34 40 16 -8 -6 42 -2 -48 -16 18 -2 -28 6 0 -6 -4 22 20 -22 6 -62 -44 2 -4 -4 6 -38 40 2
-6 20 -10 -32 14 14 -2 -34 -28 -2 -2 -4 42 -16 -26 2 56 -4 -20 30 -16 -36 6 30 -6 -40 40 -16 -10 18 0 -24 0 -4 -20 14 -16 8 24 -22 -34 -18 -10 30 16 -22 -26 12 -16 10 2 48 -2 -22 10 -24 -8 -6 4 22
-10 4 -16 22 -14 -30 -16 22 -4 30 6 10 28 -22 2 14 -6 -6 -62 -2 12 0 6 22 -26 -8 28 -14 42 6 -10 -10 -2 8 8 -4 -14 36 76 10 -14 26 8 18 -24 0 -4 14 8 8 -6 8 10 6 34 -12 32 58 18 0
8 28 -40 16 -8 -10 4 0 -26 -18 14 -2 -54 -36 -16 -4 -22 10 -6 14 20 4 10 6 -6 -2 -22 4 6 -6 6 -6 -2 18 -10 -18 -16 0 36 -10 26 6 -2 2 -56 -8 0 -12 12 0 4 -4 -32 4 32 -6 24 16 6 2
10 -20 14 -20 10 20 -30 4 -16 0 4 26 34 -10 20 26 18 4 -2 -4 20 -20 -12 -60 24 -8 -2 -4 6 -6 -28 -16 16 20 14 -8 30 -4 20 20 74 -42 -28 28 6 6 -6 -8 -2 -30 -12 -2 30 20 -12 4 -42 -12 -6 10
4 14 26 -20 8 18 -4 26 -14 20 4 10 -10 22 -10 10 -8 -14 12 -8 -8 -6 -6 32 4 -8 4 0 -4 -24 -20 -12 0 6 8 0 -14 8 -8 -6 -16 -10 -10 10 -48 -16 4 36 0 -4 -16 38 10 -50 66 -22 24 -34 -34 -36
0 20 -8 2 34 -42 -4 8 24 2 2 -8 8 0 40 12 10 0 -10 -10 -4 8 2 4 -4 6 -14 -2 -2 -18 12 -12 0 -8 -30 -8 -22 10 2 -10 22 0 6 20 4 -4 -4 10 14 10 -10 48 -6 -22 0 8 16 -4 -48 -4
0 18 6 -24 -26 16 8 -20 10 14 -8 4 -18 40 -2 42 26 26 -8 34 -4 -12 -8 -6 -8 14 18 8 2 24 -6 0 -2 -2 0 -6 -30 22 -40 -4 20 -34 2 -28 0 20 10 8 -8 -18 2 -28 10 0 6 -8 10 -38 8 12
-12 0 -50 -24 -66 -12 54 48 -72 42 -8 -6 -14 0 -28 50 0 4 -68 -46 22 -16 -12 16 -38 14 32 -30 -12 4 -8 32 -4 -22 4 24 4 -28 -8 40 -68 -34 38 54 40 -4 -10 50 16 -14 -10 -8 -14 52 70 10 -38 -14 -50 78
8 -20 -48 18 0 -12 10 0 -18 -8 16 26 24 -26 -16 -66 28 2 12 -20 10 -24 -8 -18 4 40 -48 22 -44 -16 -34 10 -6 36 -2 8 -14 24 8 -14 -20 2 24 8 16 18 10 22 4 -12 -18 26 -32 16 -14 -14 20 -4 8 -22
-8 -26 62 0 -10 8 20 28 20 52 0 -10 32 46 16 -12 24 -4 38 -18 22 -12 16 -40 20 -38 12 -4 26 22 6 -58 16 -8 14 6 -4 24 -16 6 16 14 24 18 -12 -4 30 -38 -12 -10 22 -30 -10 18 -2 12 -14 -12 2 -28
-16 -10 -14 -82 -4 -2 -2 8 -10 10 14 36 20 24 -30 -44 -10 -6 -20 22 -8 28 -48 -12 12 -20 16 38 -2 20 -16 -8 22 2 -12 -22 -2 -24 6 -18 -8 26 -8 -34 68 2 -12 2 -18 -16 14 -18 32 -82 40 -14 -4 4 2 -54
14 -4 -14 -38 -18 -14 8 -8 -16 12 -14 -26 6 -2 -10 -6 2 -8 2 -2 20 10 -6 -16 0 -10 -12 -30 4 -10 -12 18 6 -2 0 18 -4 2 -22 26 -16 0 8 14 8 10 0 0 -4 -10 6 -34 -10 -24 0 -2 8 -8 36 26
8 16 -18 40 0 -12 28 -24 -14 -14 4 6 -10 -40 -6 -2 12 10 2 20 -26 10 -22 2 6 8 -8 -4 0 18 -2 -6 -2 8 -14 0 24 -16 10 4 -32 6 -12 20 16 -10 -16 8 -2 4 12 20 -26 28 -28 34 -20 4 6 -8
-8 -4 8 36 -20 -12 16 -46 -30 6 -12 20 14 -6 32 44 -16 4 -4 4 -8 28 -42 -50 -28 -10 -30 -6 2 14 -12 -44 12 -18 -2 -4 -20 0 -8 -38 32 0 -26 4 -20 -6 4 14 4 8 14 -22 -18 12 -30 -4 -12 34 -2 50
18 -6 10 34 6 -6 4 -24 4 2 4 10 44 -10 -28 14 48 10 20 14 16 14 -6 10 -16 6 22 34 14 -24 18 6 -2 8 2 -36 -20 -6 -4 4 50 22 8 -54 -22 -22 -4 -50 -10 -34 -2 -8 18 -18 -14 12 -4 -8 10 -16
12 12 -20 -52 -18 0 20 28 -10 -6 -4 12 -62 -18 14 28 -14 4 18 -6 0 -8 -2 -4 0 8 -2 26 -2 4 12 18 16 12 8 0 14 42 -10 12 -2 24 -36 30 26 -20 -22 30 2 -22 14 -16 -56 44 26 -20 22 4 32 26
-50 36 14 -40 12 10 0 -10 18 14 -2 -2 42 -20 16 -18 16 -16 -34 58 20 -26 -14 8 12 -34 44 22 16 24 -8 16 6 -4 18 34 -16 -40 0 20 -32 -12 26 46 10 6 38 -10 -16 -20 20 -48 60 -60 0 0 -24 4 36 14
-6 6 24 -20 4 -4 0 0 26 0 2 -2 2 32 -14 56 -16 16 -4 -14 -22 12 4 -26 0 24 -20 -10 -12 20 8 -4 -16 -6 -8 -28 18 52 14 -22 6 -20 32 -12 -32 14 2 24 16 12 0 4 2 -76 -32 30 16 -2 -2 -12
26 30 10 -10 22 0 4 -44 -12 12 8 38 22 -2 24 16 4 -6 -50 -68 16 -36 -4 -4 14 8 -46 4 16 34 -4 14 -22 20 -20 2 24 64 36 26 58 26 -8 10 12 -12 0 44 6 16 8 62 64 6 -30 -16 -6 40 18 40
-12 -14 -64 -2 16 4 12 44 8 -14 -12 4 0 8 -10 16 -24 4 -16 42 12 16 14 28 20 18 -14 -2 -16 -22 -8 40 -22 -12 10 2 62 -8 18 -4 4 -14 0 -6 72 8 -20 26 4 4 -2 24 4 16 -8 4 14 -20 14 -2
0 -4 8 14 -12 0 16 2 34 34 14 16 6 -4 10 -20 10 0 14 16 18 4 4 18 22 -8 8 10 14 6 8 14 -10 18 10 -4 10 -16 -30 12 -18 -20 0 -6 18 -20 6 10 -4 -2 -2 2 -10 24 -14 6 20 -2 4 -4
-6 0 0 0 -6 32 0 10 -10 38 4 -4 -12 6 10 6 -12 -24 -16 -18 0 6 6 -2 4 -2 -6 -8 6 18 -30 0 10 -12 -8 0 8 4 6 -14 4 4 0 0 -4 4 -8 0 -6 -2 2 -58 6 2 30 -4 0 10 0 4
-12 12 -16 6 28 16 10 8 48 4 6 -22 14 -2 -6 36 -2 18 -2 -20 14 6 2 0 10 -4 -50 2 0 -8 -6 -48 24 10 8 32 32 50 12 24 -28 6 -8 -4 24 30 16 -38 6 -18 44 0 -26 4 -32 -12 -12 20 -4 12
4 4 -66 2 -52 -4 -6 18 28 -50 6 -8 -12 0 14 -34 -4 -6 10 -16 46 4 16 20 20 14 -4 24 -30 6 4 -14 -4 2 0 24 6 -8 -42 2 20 8 -6 0 -2 18 -10 -26 10 -22 16 12 -12 -4 -8 0 10 -10 22 8
-42 36 4 24 6 12 16 42 14 -14 -10 16 -6 -8 -16 -2 24 10 6 68 -28 4 6 42 8 -16 18 -4 28 -38 10 18 12 18 -24 -8 22 -54 -16 18 -26 -26 -20 -32 -6 18 -10 20 32 -10 -14 -16 -4 -34 -28 2 16 -6 28 -26
-2 8 26 -58 -26 18 2 -18 -12 14 -12 -10 -14 4 -24 46 -2 -18 28 8 -56 -20 2 10 -12 4 -22 -2 -6 -6 12 2 -22 18 -20 -32 10 -18 -68 -24 -30 -36 -2 -32 -36 6 -20 -28 18 8 14 -4 -44 44 36 12 -20 -46 -4 -34
-6 34 -10 -102 -36 -20 -18 -6 20 -26 22 30 -30 6 -30 -10 20 14 34 26 2 -20 6 -10 -8 20 -38 4 -60 -22 -28 14 8 -6 -20 -64 -4 56 -58 18 38 22 20 -34 56 2 22 -38 -6 -74 -6 -54 -24 -74 -12 -8 -26 12 24 -62
2 -32 -6 -20 -64 2 -6 8 0 0 -36 -6 4 18 52 -34 -30 6 -10 -8 36 -4 -12 -28 2 -34 18 -18 20 -22 -14 -6 40 10 4 12 -20 -6 14 40 32 16 4 18 48 0 2 24 2 24 2 44 -10 -4 -42 2 12 -10 42 -16
-8 6 38 -8 -8 20 -2 -10 8 -34 -42 12 40 26 28 22 -40 -58 -18 -18 -22 -12 24 -12 -26 6 24 -40 36 8 -16 2 32 10 -8 6 -6 28 -22 8 10 4 2 16 -20 8 -6 -2 18 2 0 36 2 -22 52 -8 14 4 -36 -20
6 4 -6 28 4 -16 -8 -40 -8 -22 16 -12 -56 -24 -12 54 -50 18 -56 -14 -8 -22 0 -20 -10 18 -24 -22 -16 -4 -38 14 -12 -22 -4 24 16 8 42 -16 28 20 -12 38 -10 6 -32 -46 10 -4 8 -10 -56 28 6 12 2 -8 10 -6
-14 8 12 -4 2 0 12 8 6 26 2 10 -6 -36 2 -8 6 0 22 26 30 28 32 6 -36 0 -2 8 40 34 20 -2 -6 -4 8 -22 -14 -32 6 22 -24 20 -14 -24 6 -8 0 -26 20 -28 -6 -36 28 -34 10 -2 -8 4 0 -20
-4 -24 24 2 22 14 -2 14 24 -38 0 -6 14 4 -38 -10 42 -36 -28 18 -34 -14 4 8 10 -6 -8 2 18 -38 16 -10 10 2 -20 6 -12 24 -20 48 14 6 -10 -12 0 -10 -26 30 4 10 12 -44 16 0 -34 6 -20 8 0 -26
0 -10 -10 2 -16 18 -20 -22 6 22 10 4 34 12 40 4 32 0 -18 10 2 22 -2 8 10 -16 4 10 -38 -4 -18 2 -22 14 22 -10 -22 -4 10 -2 36 -34 -6 10 36 14 20 0 -2 12 -16 -26 4 4 -60 8 -2 0 64 2
-2 -4 6 -38 0 -4 -10 -12 0 32 2 2 24 4 -28 -36 14 0 -34 6 -16 6 4 46 18 0 -16 30 16 36 10 -18 16 6 2 54 -50 38 -18 10 12 -38 -36 38 -16 -6 32 -6 -36 -8 -16 -46 -8 -34 14 -8 -26 -10 -32 2
2 -12 -46 -36 -12 0 -8 36 -18 -18 8 -2 8 -24 22 -56 -22 -12 54 -6 -6 6 14 40 18 -2 -4 8 -20 2 -6 18 4 0 6 12 -32 -4 -48 -8 22 36 -24 -10 10 6 -14 -16 -6 -58 12 16 10 -12 -14 12 -26 -12 -54 14
14 -42 -12 18 6 32 -34 -18 2 -26 0 -12 34 -10 -22 30 16 -18 0 -30 14 32 10 22 -20 -6 8 26 46 16 44 -12 26 24 -10 -24 -22 8 2 0 52 16 18 8 10 12 -12 -30 34 6 28 -16 -18 -6 -44 -12 24 16 28 20
-8 -16 50 12 54 22 10 -24 54 48 -12 -14 22 20 -36 22 0 -8 48 22 -20 2 -30 -48 -20 -2 -4 -22 16 -8 2 8 -28 -2 -24 32 -26 46 -20 6 -40 -28 -12 0 0 -12 0 12 -6 22 0 -58 8 -16 -38 8 10 -42 32 14
4 10 -12 -32 -22 6 -2 12 -30 -16 2 6 -26 14 -10 -2 24 0 -18 0 8 4 4 0 8 0 -12 8 -6 16 -20 -2 2 -6 -2 8 -12 12 22 8 -30 10 -4 0 56 -2 0 -10 -6 2 -2 -6 -2 12 -8 -8 6 -4 26 -4
2 -14 -4 -10 8 -10 12 6 6 -8 6 2 -4 14 -100 56 -4 -10 -2 -16 48 -10 20 24 10 -6 -4 -8 -8 -2 -12 -2 24 -28 -26 6 14 -6 -22 -2 -6 -22 10 2 0 2 -20 -14 -14 2 12 0 -16 -44 -22 14 -18 10 -22 -20
-6 4 -28 -40 -12 -14 -18 12 32 16 -4 34 -12 -30 6 -86 -22 14 24 -30 -4 4 14 -26 12 -8 22 34 28 16 40 -26 -6 10 24 -8 2 40 48 14 4 -34 -2 -18 36 -28 4 6 -4 12 -4 -32 -8 -20 -54 2 -4 62 -20 24
16 24 46 -34 24 6 -6 14 16 52 4 14 24 -16 56 -36 14 0 -30 4 -26 -24 20 16 22 4 30 -10 0 22 18 4 -14 -16 8 -16 -14 20 34 30 46 -16 -8 -10 26 4 30 16 -20 10 -6 -18 -4 40 -18 8 -40 20 36 -10
24 -12 12 -24 -6 14 -4 -20 -62 -8 -8 -16 4 -4 -14 6 -20 -14 -24 18 10 -4 2 20 18 -24 -14 -44 -18 30 58 -2 6 22 26 2 8 -2 -2 30 -16 -10 -12 6 -22 -12 -10 -32 40 -2 14 -2 18 -10 -24 -6 36 -20 0 -12
4 -6 -76 -14 20 22 32 -46 10 -8 -16 -22 -36 -50 -24 42 24 4 -6 82 -34 20 -12 -18 10 12 2 12 -12 4 -12 8 0 -6 -12 -42 -14 -24 8 -12 44 26 -38 14 10 -30 -24 -2 8 -26 -16 -18 -2 10 54 28 -60 -22 2 -12
4 -14 4 14 -10 -14 -12 12 -4 -28 14 -14 -10 -40 20 42 -16 -4 -6 -16 52 -2 30 26 18 -16 -2 -2 -10 28 -10 10 2 6 20 2 32 -14 10 0 0 76 -20 10 54 16 -8 4 4 -16 44 18 -12 56 84 16 -4 36 -4 18
8 -4 -12 12 -6 18 10 2 -56 34 -6 4 -4 22 16 -24 14 10 12 10 0 2 -48 -30 6 0 -24 16 4 -18 16 12 30 6 6 6 -44 52 -4 -14 36 -8 14 -48 -44 -20 8 -18 -6 18 10 -4 50 -18 -12 0 20 -2 -32 32
-4 0 8 8 -8 14 -24 -4 -4 -22 -4 12 -32 -12 6 20 4 -8 4 -6 -34 -18 -12 -8 2 2 -12 0 -12 -20 -22 2 -20 24 -2 12 4 6 14 0 -40 6 -34 26 -24 -8 -4 -26 16 -22 -18 28 -12 -8 -16 6 -8 2 16 0
10 -2 4 -2 6 -12 -2 -8 -26 18 8 6 28 -4 4 22 4 -8 -24 26 -16 4 -2 4 4 10 6 26 -6 38 12 0 -20 2 10 -16 18 -40 4 -4 36 -28 8 14 0 -24 -14 28 12 2 6 8 -4 46 28 -2 -6 12 -2 30
16 8 -40 -38 -70 -20 -54 -18 -10 -6 -18 12 32 6 42 -16 34 26 -8 -14 -20 -2 -6 -44 18 -20 -24 -16 -18 -48 64 22 8 32 -56 -14 -4 0 -52 -94 26 -10 -40 34 -32 -32 2 -14 -36 -78 -8 -34 40 30 64 36 38 -2 -24 52
-24 -28 28 -16 -46 -4 18 -8 -2 -102 4 2 24 -8 14 14 -34 18 14 -34 -4 -10 0 -34 30 8 -18 46 0 16 8 -2 -4 8 20 -2 -16 -26 24 18 8 -6 -2 2 -48 -4 14 4 -4 2 -4 -32 -34 16 32 -4 -4 -42 4 -4
0 8 -80 30 -44 -12 -10 48 -2 -28 -10 16 -2 12 16 -50 8 -8 54 -12 -36 6 -34 22 -4 4 6 22 34 -6 40 -20 -10 20 -20 16 14 -28 -38 -16 -32 -22 -4 -6 -58 -2 22 34 2 -2 6 8 -12 -16 28 -14 -18 36 -44 -16
-12 34 36 -10 14 22 -14 -6 22 4 -6 -26 -14 -20 -6 66 16 16 20 -24 -6 0 40 32 4 6 -4 -6 8 -10 10 -24 -4 -10 18 18 -52 -12 -34 -8 12 -72 12 6 -28 -10 36 8 -30 22 -18 10 -16 12 -2 -10 -20 10 -34 4
-2 0 22 -30 14 8 16 10 8 46 12 -10 -46 -2 34 -14 32 -6 0 8 38 2 4 -4 22 -6 -18 0 -32 -16 14 14 -10 -34 -4 12 0 34 -12 -10 -16 -26 12 14 -28 -20 4 30 -22 -28 -2 -54 -12 4 -46 12 -16 12 -42 40
22 -50 -22 -10 6 24 -26 -12 -16 2 4 -6 -36 24 20 22 -18 6 -6 14 10 -2 14 -18 -6 6 12 6 6 24 -40 -4 -22 -46 26 32 -14 -24 0 -14 42 -14 40 26 -20 -18 30 -8 -26 6 -8 48 -18 34 24 -20 8 0 24 18
-6 -22 -30 26 -28 -42 -6 18 -20 -30 -8 2 4 -24 12 18 26 -50 -36 28 34 -16 -20 52 24 2 30 -16 -22 4 28 -18 -2 -2 16 36 -20 -22 -32 2 64 18 8 16 24 -6 4 -12 2 8 -2 42 -48 -20 58 -6 0 32 -34 -34
6 10 -4 -14 28 -2 0 14 -2 22 -6 -2 -2 -12 6 -30 -12 2 -4 22 6 8 -2 18 32 -10 -30 8 -20 2 20 8 14 8 -2 -20 2 -14 -18 16 0 -8 -18 4 18 -6 6 2 -10 -4 0 8 0 -6 -2 4 24 -22 26 4
4 -20 -18 6 14 12 -58 -22 -84 8 -12 22 20 -24 -4 4 6 -14 16 -22 -22 -28 -34 -14 8 -20 0 24 16 -18 20 -14 16 8 8 2 -52 -78 -20 -2 -22 22 6 -26 -32 18 14 -44 0 58 -50 18 26 -36 26 -12 6 -12 -28 44
-8 -22 -10 2 -6 4 -26 4 -48 -16 0 18 8 -56 0 28 30 -18 -22 -12 38 -20 34 -8 18 20 14 -16 2 6 -34 14 18 18 30 -28 14 -12 -14 8 46 18 -10 48 18 6 -24 -20 6 -12 -4 16 -16 32 124 18 -24 24 0 -8
30 14 -2 -20 40 -30 6 -46 -2 4 22 32 -20 50 -56 30 0 42 -34 -58 -34 -2 48 46 8 18 26 -26 46 4 -6 64 8 -26 -20 24 20 -2 22 52 38 34 -46 24 -50 0 2 -6 0 18 4 36 -82 44 -52 26 -10 46 -22 2
12 0 0 14 -2 14 -4 10 26 -2 -18 18 -30 -50 30 28 -2 -2 52 -2 -18 -14 -12 -6 2 -28 -14 0 20 10 -86 14 -4 2 -8 28 32 14 -4 -4 -16 -64 16 0 -26 -18 10 4 -2 -58 -74 -6 24 -16 -60 20 -36 -6 2 32
-8 -8 12 8 -12 -28 0 6 -24 18 -10 18 8 -44 -22 -14 4 16 8 2 32 -24 -48 10 -34 6 -4 0 -56 -12 -12 -44 -12 -10 -14 -6 -12 -20 14 -8 -16 -20 -4 20 6 0 2 -36 -16 -22 0 -12 20 -4 42 8 20 36 -10 -24
-8 -26 0 -34 16 -22 10 46 -12 4 -8 -16 -6 -8 -8 -18 -30 10 -20 0 -50 8 -18 12 18 -30 -28 12 2 -34 2 34 -2 -2 20 -18 0 -26 10 2 -8 4 22 -34 18 -2 8 -14 0 2 -12 30 26 -66 -6 -6 18 -14 -52 6
-12 -14 2 -14 -12 16 4 34 6 -10 2 -4 14 18 -6 14 -12 6 46 2 20 12 -4 -38 10 -20 20 -4 -20 -12 0 14 30 -6 12 -18 20 -36 -52 48 10 -16 -12 -8 -12 -8 -4 8 -10 16 14 20 8 -4 -4 -10 -4 -30 -2 -8
14 0 -14 -12 -20 16 -6 14 -8 -34 0 2 10 28 2 -20 0 10 30 4 -32 28 -8 -12 -6 -12 -14 8 44 12 2 8 16 0 -6 -26 14 40 -36 16 -10 -16 -6 2 -22 -6 -8 -14 2 8 -14 6 -44 -22 -24 -14 -14 -38 14 2
-2 6 8 -30 -8 8 54 -2 -12 -12 0 0 6 20 -48 -42 0 0 -26 -4 -14 -2 -20 18 16 14 10 2 -6 2 -28 -18 22 4 -10 4 -6 4 -10 -12 -72 -30 12 2 38 -14 -4 -8 6 -2 -52 0 -26 40 -60 -16 42 -18 -16 -56
12 20 2 20 -16 -20 18 -26 -4 -34 0 -10 -12 0 -20 -58 16 -12 -6 16 0 -6 16 -48 -10 -8 10 -18 -8 0 -8 -34 12 12 -12 4 6 -22 -16 -6 0 24 2 -6 -42 14 -4 -68 0 -26 22 -4 14 -20 -24 18 6 6 38 30
-6 -24 18 -4 -4 24 -8 -8 -28 -10 2 -6 8 4 -16 8 -32 -16 8 10 -4 -2 0 -4 -2 -2 20 -4 26 -4 -4 2 -12 14 8 4 2 4 10 4 -24 -4 -20 2 -16 0 -4 -8 20 -4 -4 -50 -2 -40 -12 -24 -24 -22 38 6
10 -22 10 -2 8 2 -14 18 -10 8 12 18 -6 -26 10 -40 -8 -12 -4 -14 2 -6 0 10 -26 -14 0 -26 4 -10 -14 50 6 -2 10 4 -10 18 12 -16 10 20 -2 -24 -20 -6 -14 -24 6 -22 -4 -6 -24 -16 -48 -14 14 18 6 40
12 -4 -22 -66 -64 42 -34 50 30 10 -14 24 60 -2 50 28 36 26 -64 -38 -106 46 -4 -34 -32 -28 62 34 -20 -22 -46 44 24 2 -44 12 28 8 40 8 8 -38 36 -14 -46 16 -6 70 10 -28 -8 24 54 34 72 -4 6 -2 -18 -76
12 -16 -42 20 -2 22 6 -46 -40 -40 -4 -6 -90 36 -12 16 12 4 -32 48 -8 8 -20 -26 -14 -8 -4 -16 -32 2 30 -16 4 -14 16 -6 6 -28 56 -30 -8 -40 -22 10 -28 0 -10 -14 -6 20 10 -6 6 -8 28 12 -30 -8 -28 -12
10 4 -34 4 -56 -10 -6 20 -14 8 20 8 -32 -10 26 14 -30 -14 -28 2 8 -6 2 -12 0 6 2 6 -28 -8 0 18 -16 -4 -24 -10 34 -8 -10 4 28 -6 -6 -10 -88 -2 -6 52 10 0 -8 40 10 -38 0 2 -4 4 18 -40
-20 -10 2 -22 26 4 4 14 40 -4 -4 2 0 -20 -80 -56 32 42 26 10 8 -14 -6 16 26 54 -14 38 -6 -64 -12 16 -16 8 22 2 12 -4 8 18 -36 2 34 -34 48 14 16 -8 -8 -32 -4 -12 44 -88 -16 6 4 -10 48 8
6 10 -26 -20 8 -28 2 0 14 -2 -8 6 -12 -2 16 8 -4 -14 -22 12 16 4 2 -4 4 -6 -2 -42 4 0 -18 -2 -6 -10 -20 12 -2 -8 40 20 4 16 0 12 -12 -2 0 14 -12 -18 -2 -40 -6 -26 -12 -6 -14 8 -4 -2
2 -12 0 -10 -18 -4 0 0 -6 -16 26 -24 10 16 22 50 -22 -24 -6 -8 14 -10 8 60 4 -42 18 16 18 34 -14 -4 14 6 18 4 -52 8 -32 0 -8 58 -4 4 40 4 14 4 -8 6 20 -4 -24 24 8 -16 12 12 -30 12
-4 -8 26 14 10 16 -22 34 6 -14 -4 -2 4 -42 -24 -22 28 36 40 -26 24 -2 -18 6 4 4 26 -20 8 2 -18 -12 -4 4 14 12 -18 -4 16 6 -34 12 2 30 74 10 22 6 -8 -26 0 2 -4 -32 18 -10 14 0 -36 12
12 14 12 -4 12 10 10 34 -6 -4 28 -4 -22 -34 -16 -34 -54 -4 -52 -4 -8 16 0 10 -18 20 -4 -18 10 -2 4 -16 -16 18 -6 -24 -16 10 22 -34 20 -8 12 -6 -14 18 -16 -42 -14 2 -6 18 2 6 40 4 -10 66 -22 12
-18 -6 58 8 -12 -6 -16 2 0 -8 0 -6 44 2 8 24 42 -14 6 -6 -12 18 -32 -18 -16 -8 4 -4 -18 -6 -20 -38 0 -16 -38 8 -26 12 20 -8 -38 -54 -2 -38 -22 -4 -36 8 18 -2 -20 36 38 -48 -14 -2 -26 -34 2 -6
-24 -38 -68 -8 2 -8 -6 -4 -28 -22 -6 6 30 8 18 -60 -10 12 -12 40 4 -28 22 -6 32 -16 30 4 -12 -24 44 2 -26 -36 16 18 28 -44 36 12 44 12 -10 -44 -26 -8 14 -52 -8 -16 30 -32 40 4 -46 -8 12 20 -36 42
-10 0 -20 44 26 -14 -6 -42 -20 -2 -10 4 -20 -14 -30 50 38 -12 -26 2 -6 -12 36 0 -2 -34 6 -36 14 -38 8 -34 -4 6 -4 -12 -8 -14 32 6 0 28 -16 -6 -62 -4 4 -4 0 22 -6 10 -38 34 6 -24 6 8 -10 -2
-10 4 8 32 -10 10 14 -22 26 -38 14 -24 -46 26 32 -28 4 -16 70 -36 -48 -14 0 26 24 2 -18 10 14 -32 4 -22 2 -30 -22 -10 -2 -4 18 10 -42 30 4 -20 -22 24 -20 -28 6 14 16 60 10 24 -64 -34 46 32 -44 -14
2 -8 8 -12 -10 -18 -16 -50 -26 -14 6 26 -10 -2 -6 32 34 6 -26 2 -32 -12 -26 -14 -6 -6 10 12 20 16 -6 -28 2 0 34 -12 -8 10 -10 12 6 12 -6 6 56 6 6 -14 -22 -30 6 -6 -10 -6 -30 -8 -4 -42 -64 6
-6 -2 14 -12 -38 -2 10 2 12 -2 12 6 -2 16 2 6 28 0 18 4 18 -6 -2 4 8 4 -2 8 14 20 8 -10 14 -8 -2 -2 6 32 -46 0 6 12 6 18 54 6 -2 -10 0 -12 2 12 24 -14 36 18 18 14 0 -8
6 4 -16 14 4 30 4 14 -2 -26 4 4 0 0 -4 2 12 14 0 -14 -12 6 -6 16 18 22 12 -14 10 2 8 -12 -4 -6 12 -2 -20 8 -4 10 -10 -8 8 0 10 10 28 -8 -22 -4 14 34 -2 2 -14 4 6 -18 -4 -8
8 -6 -8 -14 -6 -8 -8 -2 -6 4 -2 2 26 0 30 -8 -10 -10 34 4 -10 -10 -42 -50 18 -36 8 8 -10 6 -28 -24 -6 20 4 -12 -44 -2 -28 -12 -20 36 18 -16 16 -40 0 34 -20 6 0 -16 -40 -44 48 -10 0 -12 -16 -14
-10 6 -2 -8 -22 -4 12 -42 2 -42 8 -4 -12 16 6 -42 4 2 -14 -6 -20 8 -14 -40 -6 4 10 -8 4 6 14 -6 2 2 -4 6 -10 2 22 -10 -4 -10 -6 2 20 0 0 -26 -10 -8 4 -6 28 32 -2 0 -14 -46 -50 18
16 -44 38 2 16 14 -18 -26 16 -36 -8 14 22 0 6 6 16 24 -10 -34 10 -26 24 10 22 34 -4 -20 -4 -8 10 -8 24 -20 18 10 22 -20 28 -18 -10 6 -2 -8 54 0 16 10 4 -4 -34 40 6 2 16 2 -18 12 32 -8
6 -16 40 -46 2 -44 12 10 -20 -26 4 6 10 20 30 -4 6 6 -14 6 8 10 -12 6 -36 12 -22 -28 -18 38 10 14 -6 6 14 -24 26 -24 -8 -20 40 24 24 48 -28 -10 -6 4 22 -10 24 -50 10 -28 44 10 -2 12 20 30
26 26 4 -54 -64 -54 -2 -22 -2 14 -22 -22 -32 2 4 -16 46 -18 40 -20 18 -12 -6 -12 -24 4 -12 -68 -32 12 12 -20 -10 2 22 -26 12 -64 -10 -50 -32 12 42 -54 40 20 -6 -16 16 -80 2 -62 18 66 2 -28 14 -20 42 -30
20 16 -36 -28 -4 -26 -6 18 -24 -26 22 0 4 -6 -8 -2 20 -4 26 -22 -2 -4 6 -42 24 -20 -12 -20 -20 -4 -18 20 -2 -10 4 0 -26 22 8 -52 2 30 6 -6 -26 8 -6 -46 -6 -10 2 -14 16 -32 12 -8 -32 -4 -4 -2
-6 -14 -10 -16 28 -20 -4 16 20 -16 -26 14 2 -20 -58 -38 -54 36 6 -10 -32 6 36 -12 -46 14 -14 14 -2 34 -10 24 8 -28 2 -4 6 -46 -18 -26 -18 -30 8 56 -14 2 -10 18 -4 2 2 -18 0 28 4 22 -34 -14 20 10
-12 24 0 -14 -6 -40 26 6 -10 10 -6 0 40 2 0 -32 16 -20 40 32 10 14 -32 0 14 0 26 -14 -2 56 12 -26 -2 2 6 32 -16 -36 0 -22 -4 -4 18 -4 32 -18 -6 58 -4 -14 8 10 8 -44 -48 -28 2 14 -32 2
2 -8 -38 -4 -10 26 30 -12 -10 2 -16 14 8 26 20 44 -12 -48 -10 -6 14 0 -28 -22 -4 22 -8 0 -18 8 -20 2 -12 22 2 20 -6 18 -8 -62 26 -42 10 8 -12 -30 -12 14 -4 -4 -32 -22 -14 22 20 22 20 -34 -12 6
16 18 2 24 22 16 -6 22 14 6 -18 16 -12 -8 -42 22 -44 24 26 -26 10 26 44 38 -14 8 -2 32 4 2 -10 22 0 -10 -2 -6 10 26 32 22 -26 12 -22 18 -14 -4 -8 4 32 28 0 -34 10 -8 -10 -10 -16 -20 70 10
6 24 8 -6 -16 -8 -6 -8 8 12 -8 -2 -26 0 -46 -10 -38 14 -10 6 -6 4 6 -34 -8 -14 10 8 10 10 -16 -4 -40 24 -16 -14 22 -16 -16 -18 8 -14 14 -24 -46 32 -14 -4 8 8 -10 8 34 14 52 2 6 38 -4 -14
2 -10 -48 12 4 -28 4 44 12 -4 -20 6 -40 -6 -16 -22 52 32 30 -32 56 10 24 -4 18 6 -16 -10 -54 -54 10 34 -20 -22 14 -22 40 -8 4 0 -18 20 22 -30 8 -12 -34 10 24 -10 0 -80 -20 -24 -20 -4 26 -6 34 -10
10 12 -4 12 -56 -4 -6 -2 8 -14 -4 -4 -22 38 10 6 44 14 32 -34 -12 -14 28 -4 12 -4 -4 18 -8 -6 -4 -24 14 0 26 8 30 -14 2 -2 2 12 4 0 42 14 20 -8 0 12 6 -44 -10 48 16 0 -6 -14 22 18
0 -20 16 -16 -24 8 -12 -26 -16 2 -16 -2 -52 -12 12 -12 -4 26 -2 2 -6 -20 -14 18 26 10 -22 12 -22 4 -12 -2 -10 4 6 -42 4 -8 -32 -18 -34 -26 4 22 8 -14 20 14 -14 -20 -12 -34 2 32 12 -12 -18 -46 8 2
-4 -24 -26 -18 -34 14 -10 2 -28 12 38 14 -48 -6 -4 20 -8 6 -50 52 18 -18 34 0 0 8 -20 4 0 20 -4 -16 -8 -2 8 -4 -2 12 16 32 12 8 -4 18 -24 6 2 2 0 -18 6 56 -10 14 12 -28 -24 -26 -16 -2
8 4 -30 -20 -22 6 0 -28 0 -2 -4 2 -12 2 -36 -2 28 -8 -12 -8 8 4 -14 -24 -2 -2 2 -10 0 14 -36 -16 6 2 -2 -2 -14 -12 -14 0 -16 -4 0 0 -12 -8 -10 -40 2 -8 2 -10 -18 16 -2 -8 2 -10 18 -40
-18 14 12 -12 6 -4 20 16 4 -6 6 -14 4 10 -70 -54 24 -6 0 10 -28 2 -4 20 -10 4 2 14 -16 -6 -18 12 0 -10 -2 -28 2 -32 26 -18 -22 -16 40 -24 8 -12 -12 -10 -20 20 6 -24 -4 -6 -12 -4 4 58 4 -8
28 10 6 -16 -8 4 -14 94 10 -4 -2 12 18 30 42 30 -12 -10 46 -6 0 0 -8 4 -14 -8 -32 10 4 2 72 0 0 -22 20 -26 4 -10 -42 18 -28 14 34 -8 22 -12 6 -22 -4 -22 -22 34 -38 0 44 -26 12 18 24 4
-14 -18 -22 30 -12 -32 -14 32 42 20 12 -2 -12 20 36 40 -6 2 54 -8 12 8 52 26 18 -8 -30 20 -2 0 18 -40 -16 -20 0 18 -4 -38 -66 12 -4 22 2 28 4 10 0 -12 6 12 4 -12 -12 -16 -40 12 40 -2 50 40
26 20 -4 -14 -12 -12 -6 14 44 0 10 12 18 -10 -52 -14 -16 -28 60 -10 -2 6 -2 -24 -26 12 4 -20 22 30 -32 -22 -26 -6 -18 -20 -26 -30 4 -32 16 12 18 -20 2 -8 12 -4 4 -20 -12 -38 -22 18 20 28 -28 30 -14 36
2 -14 40 26 42 22 -10 34 8 14 -2 18 54 18 -48 -24 -28 -2 32 -24 -16 24 46 54 8 14 42 0 30 8 34 -4 -14 -4 -46 -4 14 42 -24 4 26 26 14 18 -8 14 4 -14 -24 -20 18 -30 10 -8 4 6 -2 20 -18 4
-16 0 6 -20 -16 -8 -26 12 -34 10 10 -4 6 -18 -28 -44 24 -30 -32 -22 -52 -2 -22 14 -8 -66 2 24 -2 -4 -40 -16 2 6 16 0 -24 20 6 2 -24 -46 10 -16 12 -4 -6 14 8 -8 -6 -28 -30 2 86 -26 16 34 -34 -20
34 -20 -42 -4 2 6 -84 -28 6 12 -6 -2 2 -32 2 -36 2 12 -12 -14 -4 -18 8 -4 4 -28 -14 0 -10 -18 -8 6 -2 18 0 -2 -22 52 -38 -4 -24 36 -16 4 16 -8 10 -2 -16 28 -10 -14 -28 20 -46 10 -10 -38 30 24
6 -18 -10 0 -16 -2 32 10 2 -36 2 4 16 -12 -32 -6 28 -16 -16 16 12 10 -22 16 -6 -16 16 -20 10 28 8 -34 -6 16 24 14 6 12 32 -4 14 8 20 -14 26 -26 6 -16 14 -10 10 -12 18 -24 -44 4 0 62 -24 -16
10 -8 24 -20 -14 6 -6 -12 -30 4 -2 6 8 12 26 -16 8 12 34 40 12 2 -24 -30 20 8 -12 0 0 -2 0 -26 8 4 0 -2 -2 -6 -26 28 -28 14 22 26 12 -22 4 -12 10 -10 -4 0 -18 -12 12 -12 30 -32 14 8
38 12 8 -18 -66 4 -58 -10 -8 -44 -18 -12 -12 -22 34 38 -34 -10 -36 -30 68 16 32 -54 22 -18 2 -16 32 40 -18 36 -22 -12 -54 14 -32 36 32 30 -36 44 34 8 -60 12 4 -30 -22 -12 -18 18 -44 -22 6 -4 10 4 -14 -6
-12 -4 -58 -36 -16 -10 -8 10 -2 -78 -18 -8 -16 10 -12 -40 -12 4 -14 28 -14 22 -10 6 -16 10 -18 28 16 -20 16 30 8 -10 8 -10 -8 36 -8 2 -28 24 -10 6 20 -14 -6 24 -16 8 -12 14 -10 -6 -12 10 16 4 -22 52
-12 -30 -52 20 -54 0 10 -26 8 -46 0 -8 -66 -18 -12 -62 -2 8 -2 0 24 10 10 24 24 0 8 -6 -10 -6 22 -2 -6 -6 12 -12 12 -22 -38 6 20 56 -16 -34 66 2 -10 18 14 -6 6 2 14 6 -38 20 6 -38 -10 26
-6 26 -18 4 -4 -12 -12 4 20 0 2 -6 8 -14 -4 -34 18 12 12 8 0 -2 2 -8 -2 4 6 4 -8 -2 26 10 -32 8 -12 -26 -44 16 4 24 34 -48 -10 -26 18 12 -12 14 -2 -28 0 16 18 -14 -24 4 6 -12 10 -28
16 -2 -36 58 16 -16 -10 48 -14 22 -18 24 52 -20 2 -14 54 -30 26 22 26 16 36 4 34 16 18 16 2 8 20 0 -4 30 -4 28 -54 28 50 2 4 4 -8 -8 14 -6 -24 12 8 12 -4 -28 16 -20 50 14 -2 28 46 -8
2 -18 -8 -28 -6 -8 14 -14 -20 -20 -6 -18 -2 -24 10 -8 12 0 -24 6 -62 20 -12 -14 10 0 -8 12 -12 -6 -10 38 2 12 0 -12 -16 26 22 -22 -6 -26 -34 2 -58 -8 -8 50 4 -2 12 4 -22 -52 18 -2 -6 -48 -60 18
8 20 14 -22 4 -10 -8 -10 14 -32 10 -8 -6 4 4 -38 -40 34 10 -12 0 -6 14 8 -16 6 -10 -2 2 -6 -10 -26 22 -16 -22 -22 16 8 36 -26 -18 -8 4 8 10 2 -24 10 16 10 -18 -10 10 36 -8 -12 -18 2 -6 -6
16 -6 10 -10 22 2 -10 14 6 16 -6 2 -6 -6 0 -14 -16 8 -2 2 4 2 0 2 16 -22 -32 0 -16 0 18 4 8 6 -10 -12 12 2 -24 16 8 -10 0 14 12 2 14 6 4 -2 -6 26 -6 10 -10 4 10 -22 14 2
30 -8 18 -6 -20 8 14 2 -36 -6 -2 26 -28 -56 28 -26 2 -4 -8 6 26 -4 -26 -22 0 58 2 4 18 -28 18 -14 -16 -2 18 -4 44 -36 2 14 8 28 12 2 -28 -20 8 -4 8 -28 -24 -48 20 10 -10 20 -2 -22 34 -2
12 6 28 -40 -28 -6 -54 2 -10 12 12 2 4 -14 -50 -22 0 18 -38 2 -10 -4 -44 -64 16 30 14 10 8 10 -46 8 -8 2 -4 10 -4 26 -4 0 -26 -34 4 2 8 6 2 14 -26 -40 -30 -18 0 18 76 4 22 4 -34 -10
24 -8 48 -36 6 -26 -4 4 0 -16 -40 -22 -26 -42 -54 32 -20 -24 0 -72 0 -8 -42 30 4 -46 -14 -36 8 2 8 -12 40 10 -4 -6 10 40 28 54 -46 -62 42 -50 -64 18 0 32 2 48 10 24 -58 22 36 -34 36 60 -16 -28
18 -14 4 8 -14 -16 38 32 -22 -18 18 -26 -16 4 8 -16 2 -24 -8 -2 26 -28 -12 -8 8 -14 12 -14 -2 -12 -32 -6 2 6 -4 20 -54 -68 18 20 -8 8 22 8 16 20 0 0 -8 -18 -2 12 22 0 -12 0 6 -2 -14 12
18 2 10 -22 2 -12 8 44 26 8 24 -22 20 46 20 -18 30 -4 4 -2 -24 -10 32 6 -42 14 30 -18 46 2 26 -12 6 -10 -10 12 18 14 10 0 4 12 36 0 2 -6 2 34 -8 8 34 62 16 30 -50 -28 -8 -16 10 2
20 -24 -8 14 -6 -10 -10 22 0 12 -8 22 -28 20 -26 2 -16 14 38 28 70 0 18 -12 14 24 -12 18 10 -6 -22 28 -22 -6 6 8 36 -28 -30 40 4 32 -2 18 2 -6 -10 42 -6 -10 -2 -10 2 -8 4 2 -4 -42 -4 -36
4 6 10 -24 26 2 -2 -40 24 -2 -16 -16 8 -12 -12 2 0 -12 -20 0 -32 -2 8 46 -18 30 -18 14 12 4 -24 14 22 -2 -18 -4 -36 8 40 -6 -2 22 -26 -16 8 -10 -14 -10 20 2 -8 -20 -20 34 -14 -2 0 50 30 8
-4 -2 -32 8 8 -2 12 -18 -4 -28 10 -6 -36 -18 -18 -42 -6 -2 -8 2 -10 -10 0 46 -16 18 -36 4 4 -16 -14 14 2 -14 0 -10 2 -34 -12 2 -10 14 0 -2 -30 12 14 -6 6 -20 2 -42 6 -2 30 4 -4 -18 2 4
-6 -18 -20 18 2 -10 6 18 34 12 -22 -24 -38 -38 -66 -8 -42 -20 -38 10 6 2 16 -24 -2 -38 -14 -24 26 -6 -8 8 -20 -6 -10 6 -66 -18 -4 14 -70 6 8 -38 -42 24 16 22 -16 -12 -16 14 14 -26 -58 -8 -12 2 -4 -10
4 -8 18 -8 -6 18 -20 26 0 -14 16 12 2 24 64 56 -32 24 -10 -8 -26 2 14 -8 16 -14 20 -8 30 0 16 28 -8 4 8 6 26 -52 -12 -14 10 -4 -4 14 -24 -24 14 28 -12 4 -18 -10 -10 4 -16 14 -10 6 -66 24
8 4 -4 -6 2 -10 6 14 -10 2 -34 -10 18 14 24 -16 36 -2 -2 -2 -12 -2 -8 10 12 -4 8 12 -16 -4 -2 -2 8 -6 -12 10 2 32 -26 10 -16 2 -10 16 18 2 -2 -8 8 -24 0 48 6 -18 6 26 -2 6 4 -14
-4 8 -6 -2 30 8 -14 28 -6 -34 -10 -4 -14 18 14 22 14 12 14 -12 10 8 32 -18 10 -10 -10 -28 -2 4 0 -2 -4 0 -14 4 10 -14 -30 14 -24 20 10 -30 -32 0 40 8 -8 -10 14 2 -14 -2 22 -18 0 6 -8 -16
8 8 6 54 22 -2 -56 -32 -22 -4 -22 6 -26 -40 52 48 18 2 6 0 2 -38 0 -40 18 -14 -14 -36 22 0 -20 2 0 24 -16 -10 -28 60 -22 -46 62 44 4 48 -92 2 -8 -40 -10 -12 -20 8 -14 -30 -48 30 -42 14 -54 72
12 -34 -20 16 2 16 -4 44 -46 24 16 8 32 16 18 -12 -52 4 26 -2 -36 -6 22 40 -8 -8 -26 24 -18 20 40 18 -22 -4 -2 -20 14 28 -28 -16 -6 30 -6 -16 -34 6 2 22 -14 2 14 -22 -40 -26 -36 -12 16 28 2 -22
-8 18 -6 -2 8 0 36 -20 8 -18 -4 -2 8 2 -46 -10 66 12 -24 -4 -38 2 -18 -44 14 18 12 10 6 14 2 50 -8 -4 -24 2 -50 18 -18 4 -2 -46 2 -4 4 12 2 -10 0 2 -14 -32 18 -24 -38 16 8 -8 -14 -8
4 -14 16 2 20 -14 -20 -16 10 16 0 -20 20 30 -42 -14 -10 -26 -28 2 -18 22 34 22 -36 -16 -2 -24 6 24 44 -24 -10 -30 -16 6 16 6 -56 -12 10 -6 -58 28 -12 -16 2 -34 8 2 34 12 -10 10 34 -40 -4 -56 24 28
0 -10 -22 8 -12 -10 -8 0 8 -30 -24 -6 18 4 -4 -2 8 20 -8 0 26 4 2 6 18 -10 0 -46 -6 12 8 4 18 2 -4 6 -2 -12 -14 -10 36 -6 -6 -10 -16 4 18 10 -18 0 4 -46 -12 -20 -24 4 28 -8 40 14
-6 20 -14 -20 14 16 -14 6 12 8 2 20 -2 -14 -22 -32 44 -34 -16 -16 10 0 -24 -14 -8 -22 -12 2 -20 -2 -2 -2 -6 -4 24 -6 -12 0 40 -16 -18 -56 28 -14 20 -28 12 24 4 -18 -4 16 12 -14 48 -14 -14 30 12 -16
-8 -12 -36 -58 8 -12 -4 14 -22 16 10 20 4 16 -26 -40 6 -40 -12 32 10 -4 -4 -12 4 16 0 -10 14 -6 -4 -12 0 -20 -14 10 12 -16 34 -24 -30 20 12 34 38 -8 -16 -16 6 0 42 12 8 -86 46 0 -26 -46 44 -26
-2 6 14 2 2 -2 8 -32 28 -4 -18 -6 14 14 30 8 6 -26 24 -4 -22 -2 22 34 -4 -2 -20 -14 -28 22 12 -6 -28 -20 10 2 4 -28 -38 -48 -22 32 36 10 28 6 8 26 -34 24 12 -2 4 40 40 -8 8 -30 6 -2
6 -8 -48 36 -4 4 14 -36 2 22 14 -4 -22 -46 -40 -34 -60 -4 4 6 -20 -6 20 22 12 6 -18 -16 8 18 4 -22 -14 2 4 -26 -14 -22 2 -40 6 2 -8 32 2 -2 2 0 -34 12 -4 10 10 -22 -14 14 -6 -28 -10 -2
14 0 -20 4 -26 0 -12 -6 -24 -46 18 -28 -28 18 38 -38 54 10 28 44 -20 14 -2 -2 6 -10 -8 -6 10 20 -18 16 8 -12 -30 32 44 20 24 52 32 26 -10 22 -22 -2 -38 6 36 -2 0 -6 -32 8 -34 2 -30 -18 18 30
18 6 -2 -36 -26 20 6 24 -16 12 30 16 -14 2 56 6 -20 26 14 20 0 12 -2 -26 18 10 -14 4 -4 6 48 40 -2 0 0 -12 -12 14 -10 6 36 -24 14 0 -36 -18 12 -36 2 -46 -2 -22 14 -24 36 -2 -14 2 -14 14
2 46 16 -24 40 28 14 44 8 18 16 -10 26 4 -74 -18 -44 52 -8 22 18 -6 2 12 28 14 -4 38 4 22 10 32 28 6 -8 -36 10 14 -28 -20 22 -52 -26 22 30 -4 22 28 -24 -30 -14 64 -48 8 60 38 -12 -24 50 28
4 -8 28 34 -52 -6 -6 28 4 12 -2 10 10 -20 -14 -24 16 -22 50 -10 4 -16 4 14 6 8 8 -4 20 -22 2 -34 8 -2 26 10 -30 -6 -10 10 4 -18 20 -8 -10 -12 10 2 4 -2 -6 -10 -26 -20 -10 -4 -6 6 -8 12
-16 -4 -22 -14 -6 -10 -2 -48 42 -26 -4 -24 -12 -2 -10 0 4 2 -14 8 28 -2 4 6 -4 -4 18 2 6 6 -6 -14 30 6 20 12 12 -32 12 -2 16 18 -16 -14 54 0 16 -20 -6 -18 -2 -12 -18 16 -18 -4 16 -6 52 -16
2 0 -4 -8 2 26 -8 0 4 14 -18 -10 -8 8 6 6 -6 18 14 -14 0 -6 2 14 6 2 -2 -18 -6 10 6 -10 4 4 -14 4 0 -8 -12 4 -2 8 -2 2 -20 -4 14 2 -2 4 10 -4 2 22 -20 -4 4 -16 -4 -26
-4 18 -6 4 2 4 -30 -12 -4 -8 -22 30 -18 6 -16 28 6 2 10 -2 2 -16 14 12 -12 -52 8 -8 -12 12 18 -46 -6 -22 -6 0 -4 -2 -20 -10 -46 16 -24 64 6 -42 -30 -44 6 24 44 24 2 20 0 26 -16 -20 30 -18
6 0 -14 24 -44 -2 2 -34 -34 -66 6 -2 -4 -2 18 -48 6 -14 -8 2 -4 -2 -10 -12 -12 2 4 -26 18 0 16 18 6 4 6 -2 2 -2 -12 0 -4 24 4 2 -30 6 -4 16 2 8 4 -4 -6 8 -26 -12 8 8 -78 -16
18 10 -54 -2 -14 -18 -28 -6 -32 18 16 -12 10 -30 18 6 -22 -40 -18 -6 30 12 -12 -36 6 -32 6 -8 8 8 6 -26 10 6 20 6 -30 -8 -4 -8 -24 6 20 26 -36 18 -8 -8 -2 -8 2 -18 6 -22 18 14 4 -10 -2 12
-14 4 10 -28 -12 -28 4 -6 -12 0 -10 -24 12 0 30 4 -46 -22 40 -10 42 -22 -20 -8 -14 0 -26 -32 -22 4 2 -14 12 2 14 -10 20 -32 4 -44 26 18 10 -56 36 14 -22 -36 2 20 -10 -8 -10 -42 26 36 -4 44 -58 -20
22 36 16 -34 16 -26 0 -36 -18 -46 34 12 38 2 6 16 6 18 -12 12 -16 26 -34 -4 -24 -24 -64 -80 -14 46 2 -30 10 0 22 -8 6 44 -20 -84 10 32 12 18 36 -6 28 -12 4 -56 4 56 -32 44 56 -4 -16 -22 24 10
28 32 32 -2 -42 14 0 16 4 6 -38 14 38 4 2 48 10 0 -8 -16 2 -8 -14 -44 -8 28 18 -60 38 4 -28 -4 16 18 -12 4 4 -26 -50 -64 14 -2 6 4 -64 -14 -18 -42 -8 -6 6 6 16 0 -26 26 2 14 -26 -4
-2 10 -6 14 -2 28 -24 34 4 10 -24 12 -2 4 44 34 0 -24 -2 -10 46 2 16 26 -34 -20 16 26 22 -16 10 -24 8 -4 -8 -10 10 42 28 -10 22 12 10 -42 30 10 -26 -8 -6 -4 0 -30 -16 -6 28 -8 50 50 -12 -16
-22 -14 -2 -20 0 26 6 44 14 -6 18 26 -20 18 6 -48 -20 -24 56 -16 14 -24 -4 10 2 64 0 0 4 -42 0 -42 -14 -14 6 6 -42 -8 -12 -2 -52 -12 -6 26 30 4 34 -16 -14 -22 -12 -26 0 -2 -42 18 -44 -12 8 -16
6 -22 16 -2 26 -36 8 -14 2 -8 6 -8 28 24 -34 -32 26 22 2 18 -22 0 -6 -32 -4 14 6 6 2 22 18 -32 6 18 -16 -2 14 -26 8 52 -22 32 -20 4 20 -4 22 -8 -36 8 10 30 44 30 6 -20 -16 40 6 -12
18 -10 -18 -42 -40 -14 42 -4 -42 2 -32 6 14 4 12 -28 -14 -48 -22 -18 50 6 -14 -44 22 -8 0 48 14 2 -10 4 10 12 24 -10 -10 18 6 -20 40 -28 12 -2 18 6 4 -36 8 -24 -8 -22 18 -30 12 24 40 -4 -6 64
-10 -4 34 -2 32 -8 0 -2 -30 -8 -2 0 44 -16 -34 2 10 -18 52 -4 10 14 8 54 8 -14 -8 -8 14 -14 -8 38 0 -30 14 -2 8 8 -4 2 -20 -6 10 -18 -10 0 -14 14 10 4 6 0 -24 6 58 2 -20 -2 -28 -6
-2 14 36 -14 2 8 -4 -24 -14 8 2 6 38 -8 28 38 -4 -40 -24 -16 -62 12 -10 -20 -2 -24 -6 -4 36 -10 -12 -24 2 0 -22 34 -34 24 -4 42 6 -2 -20 -2 -8 -10 2 12 18 6 -8 -36 50 -18 8 0 -60 -22 38 18
-8 -2 -10 18 -80 8 0 -42 -16 -24 8 -2 8 -8 -10 -2 -6 0 -82 -32 -26 6 -54 -32 2 4 2 -24 8 12 -24 14 10 20 24 12 30 -10 -10 -4 -16 -24 -14 0 14 14 -14 30 6 -28 4 8 10 20 -6 12 -12 -32 -26 -2
-12 34 -14 -34 10 -18 2 18 6 -10 -12 -6 32 -2 24 -22 30 10 4 4 -10 10 -24 -20 -10 -42 -22 8 -6 -20 -12 -22 6 -10 -16 -20 8 -52 54 2 -46 8 48 -20 12 16 8 -14 4 -28 2 56 48 -42 6 10 -34 52 2 4
-10 8 -46 2 -20 -44 -2 10 20 14 12 -8 -2 4 18 -12 8 4 28 -36 -18 6 -18 16 -12 -8 4 -8 -38 -4 -48 -46 14 -10 -2 -12 22 20 -26 16 -10 0 -10 -6 10 8 10 -28 -6 16 6 -48 -12 -42 -12 0 -14 2 4 -32
-6 -2 0 -6 -46 12 4 12 12 -26 4 -8 -30 -4 -14 -12 -44 -4 -24 -2 22 10 16 -14 8 2 2 -38 12 16 -32 -30 4 -12 -12 0 -8 -18 -2 -2 2 16 0 -8 -10 2 4 -10 -2 6 0 -4 0 22 -22 -4 10 18 -22 -22
-14 -20 -8 26 -20 18 -10 -8 8 -22 -22 28 -10 12 0 42 14 -8 -16 -18 -20 6 -14 -10 -22 16 -6 -10 26 -12 0 -8 -12 8 -6 6 8 -4 -34 -6 -20 0 -26 10 18 4 -4 34 -22 24 -12 26 -12 10 -4 -6 -10 -10 26 -10
10 -14 14 10 12 -2 4 -104 -14 0 -10 -14 20 22 -8 22 4 2 -54 -4 18 -18 -18 -14 -12 2 6 -30 10 0 -20 26 -4 8 16 -8 -34 36 42 26 14 -8 -16 0 0 8 6 -18 2 -38 2 -22 4 10 -18 -2 -12 -46 56 8
-4 2 -6 -30 8 22 22 -32 -14 -10 -2 -2 8 8 -36 64 66 -10 16 -12 2 -14 -16 4 16 22 -16 30 26 -4 -26 20 -6 20 -10 -30 -12 28 26 -48 -10 -16 2 -40 18 8 -14 28 -2 4 6 10 -18 -46 36 -16 -26 -34 -24 16
0 -6 10 -16 -16 -14 -4 0 -12 -34 -2 -8 -10 8 24 30 14 30 -8 -4 -14 -16 18 -2 30 -12 -18 -6 -28 10 -22 24 32 16 -8 6 22 8 -36 12 -14 18 -26 20 28 -8 -20 24 -8 20 -8 -6 -6 -8 2 14 -10 -22 30 -2
8 10 38 -16 -46 0 -6 -16 -14 14 8 0 -2 32 28 -10 -4 4 2 -36 54 -28 2 -28 12 -10 -8 -18 12 -10 32 2 8 20 30 -6 -38 10 16 40 -10 -52 4 -54 28 -6 42 -32 -6 8 0 -2 -6 16 -26 -16 44 -6 34 -10
6 10 -18 8 0 16 -26 -6 20 16 -26 -6 -12 18 -66 22 10 -4 -28 10 -22 6 -28 -60 2 -34 6 -12 22 20 4 26 0 14 10 6 -32 4 -34 -24 -28 -2 10 -26 -6 -6 -12 -14 -24 -6 2 20 30 10 44 6 -8 -16 4 2
-2 -8 26 -12 -12 -18 -6 14 20 -38 -6 -12 12 -46 -18 34 20 10 22 -16 -4 2 40 -12 -4 20 -6 14 0 6 20 -76 10 -10 -26 -42 60 24 -2 -6 -44 28 -6 22 18 4 -36 -20 26 -2 36 20 -10 12 -28 24 8 28 -12 -32
16 4 8 -4 0 10 -2 -40 2 -2 10 -14 -26 6 14 12 -12 8 -10 -8 -16 -16 -4 28 22 10 -6 -16 8 4 22 6 2 6 6 10 2 -6 -16 -2 -8 28 -14 8 26 -24 -8 -22 0 -6 0 34 -12 10 -98 0 -10 -20 8 8
4 8 12 -10 10 -14 -8 8 -6 -10 16 -6 -8 -16 -4 24 -14 10 -12 -8 -8 -6 34 28 16 -12 -20 8 -12 0 14 0 -20 -6 8 -6 -20 10 8 -8 -36 2 -2 -32 -22 22 26 -30 -4 8 4 -20 12 18 -36 6 -14 6 2 -10
10 26 -10 28 -56 -18 34 2 -6 -26 18 28 6 18 64 -38 64 -26 36 20 102 12 -14 -64 44 -22 28 -2 -36 -22 -62 -36 -12 24 -70 36 -54 2 -40 88 -66 -48 22 6 -30 -48 -20 -60 16 52 -36 20 0 -44 -36 -54 30 -46 16 -26
-18 -6 -2 22 60 -6 -20 -6 0 42 -20 2 14 -48 12 44 48 -4 18 14 22 2 26 4 36 -12 6 4 -26 4 46 -48 6 10 -10 36 -28 0 18 12 16 2 -26 -10 42 32 20 -48 -10 20 0 6 2 -12 -62 20 -4 -50 62 -38
4 14 34 -50 -56 -10 0 -6 -36 34 0 -2 26 -28 -28 46 -2 -28 -26 -36 -26 -16 18 2 -6 10 -12 4 6 6 6 -28 -8 10 -30 -4 -50 0 34 -2 16 -26 -12 30 -12 10 -16 -40 36 18 -8 24 10 -8 36 -10 -38 -26 -2 -6
2 -4 16 -6 -32 26 -36 2 -12 -14 -10 32 38 20 -28 -12 14 -40 0 -2 32 10 4 -8 -2 -18 8 -16 38 -18 -36 -22 -14 6 16 10 -78 40 -46 -14 8 -8 28 12 0 32 -6 -44 -4 8 -44 -4 -36 40 -12 24 18 22 8 -28
-10 12 -20 16 10 38 6 -30 -24 -12 -6 8 -42 38 -40 48 -14 0 8 10 -32 22 0 -4 -2 6 -2 -10 -6 -6 -28 12 -14 24 -18 24 46 -20 -64 -6 -30 32 -12 -8 28 22 0 26 0 2 16 24 -2 -14 54 18 -32 -30 -8 20
-14 8 -14 22 40 -28 2 52 -12 -10 0 -12 6 -54 -2 -82 4 22 60 10 48 26 -4 46 22 -20 -22 18 10 -24 4 -2 -34 -14 8 -54 8 -6 -24 36 6 8 34 -4 34 2 -22 6 -14 2 -42 4 -6 -14 -56 16 -20 18 0 -22
-12 20 10 22 -16 36 -12 20 16 16 -24 -16 0 -2 -20 44 66 -4 24 28 -38 -26 8 -8 28 -14 26 -10 -4 -16 0 6 -24 -4 -18 10 6 12 -66 -22 -38 -4 -18 0 8 26 44 34 -12 6 0 22 14 -56 4 26 2 26 32 -26
12 6 10 -6 30 -8 -12 -6 14 8 -8 6 8 8 4 -24 -26 4 14 12 -4 6 6 12 16 -12 -18 -20 -12 14 10 8 14 14 -8 -12 10 4 -20 -12 14 -6 12 -2 2 -8 10 6 -4 2 8 26 -4 -6 0 2 14 -2 16 -4
38 12 6 -2 20 0 66 34 0 -4 8 -16 24 24 -22 -8 10 56 -10 -14 -38 -12 10 24 -4 6 -22 -20 -20 14 24 36 12 -12 -22 -12 20 74 6 -22 -10 16 -20 38 2 -16 -32 30 0 30 -6 38 14 46 -50 18 4 -20 -50 0
0 -22 -14 -10 14 10 -108 -2 62 8 -36 -16 -4 -12 -58 12 8 -16 -38 -10 -4 10 16 -32 -4 2 2 -10 28 -8 16 -16 -22 30 -2 28 0 -10 -18 -10 -50 -28 -10 -66 14 6 -16 -32 -20 -6 -54 14 26 -2 -112 -2 20 -20 28 -8
-2 8 -26 -22 -10 -52 -30 -54 10 12 -34 -38 40 -26 -36 12 12 -50 0 -72 -18 -20 -52 -70 6 -98 0 -64 14 10 -30 -76 -8 0 -44 -4 -66 8 -36 -40 16 -28 4 -22 36 -16 6 -6 -6 24 -52 52 14 68 42 70 -28 -52 -26 -34
12 48 12 10 0 8 -6 -22 -16 26 -16 28 -26 0 -4 -28 -10 58 -12 6 -8 14 -52 10 -22 24 -10 30 2 28 18 14 -16 -38 -22 -44 -12 -26 -30 6 -4 58 -24 32 -62 -16 -38 34 4 6 -24 10 2 28 0 -40 12 -20 -8 -4
0 24 -24 4 -12 -10 -8 -46 -12 24 18 -8 -16 12 -30 46 -28 20 8 8 -2 30 -4 20 -46 -16 -26 -54 -20 6 -2 56 -18 -14 -6 -8 20 -34 -52 26 -8 4 -18 -24 -2 2 6 12 6 -14 -14 -36 -24 -50 -14 2 6 -30 8 2
-4 26 12 52 14 0 12 -56 12 -8 10 -30 -2 -28 6 34 -10 -22 -30 -16 20 -10 -6 28 -30 -46 0 -2 12 56 -10 0 16 -6 -44 8 24 34 32 -6 38 -28 -10 16 -64 -18 -38 4 26 -20 22 -6 4 34 -12 6 -10 -44 30 22
-2 -26 20 -28 10 -28 -6 38 -8 0 4 30 8 -28 2 28 -8 4 26 -8 44 6 16 -28 24 -22 -6 22 6 14 -22 24 -4 14 14 -14 16 -2 20 -20 12 44 26 -12 44 -12 4 -14 -22 4 0 -22 2 -42 22 24 16 -26 0 18
12 10 28 36 22 6 0 30 12 0 0 10 22 6 22 -54 -6 18 30 -4 10 24 18 28 -10 -10 0 -16 0 -12 34 2 -2 16 8 -14 -28 -16 18 16 -14 20 -24 10 64 -8 16 6 -8 22 -10 -2 -2 10 -22 -16 22 -8 30 18
4 32 36 -18 -6 -16 -10 -16 -24 10 22 26 14 -46 14 16 -40 16 4 -16 2 -12 18 -28 24 22 20 -14 -30 -10 4 20 18 -20 20 -4 -36 2 16 12 94 0 -8 42 12 -20 -18 48 26 14 -24 -50 -10 26 20 4 -14 -48 -10 -36
8 -16 -30 -8 -38 4 22 -10 -18 -2 -4 -2 -2 -10 30 -42 20 0 -18 6 -4 0 -8 2 -2 18 0 -20 -46 -6 -2 64 2 -6 -2 -8 -4 -4 18 36 4 14 8 -34 12 -20 -2 -6 -6 -16 4 6 10 -4 -40 -32 8 32 4 24
22 24 -8 34 -2 -2 10 6 4 18 -4 8 -34 2 -8 16 12 20 2 6 16 0 18 8 -6 8 -4 2 -4 0 -8 -4 -20 -4 -28 -14 20 -12 24 -2 2 8 10 6 -12 0 14 38 8 0 14 -26 10 -6 -12 -8 10 -26 -22 -4
-2 22 -40 30 -18 -8 14 -44 -12 -6 18 -18 34 6 24 -22 -6 58 -24 32 -8 18 -16 6 2 28 -10 4 10 -12 30 42 -8 -34 40 -2 0 -4 26 4 -4 -22 2 16 6 -18 16 26 14 22 -18 -24 40 20 2 12 -18 6 18 -28
10 16 36 36 -4 26 8 40 -36 -40 -6 2 0 4 2 -52 14 4 28 32 64 20 -16 -62 -6 2 48 -16 -28 2 52 -26 16 26 -46 30 6 -20 -10 -36 64 -26 24 -6 -92 -4 -8 -46 32 38 -6 2 46 -26 -74 18 46 64 -6 38
-12 -54 -30 -34 12 -22 4 0 -38 4 6 8 -30 -8 -32 10 42 -16 48 10 38 -12 46 30 22 54 -22 -26 -10 12 40 -18 6 28 -12 -2 4 4 -40 -18 30 -12 28 18 -18 8 -14 -40 16 -22 10 -10 -26 44 10 14 -42 -32 6 28
-8 -6 -4 -16 66 2 -10 -12 0 -24 -4 -20 -2 16 10 8 -32 -10 26 12 -22 0 -20 -2 -4 -20 -4 -38 4 -36 -6 -16 -12 -16 30 -4 4 2 56 36 -20 6 -8 0 -26 -6 12 -12 6 14 8 2 -18 0 34 -2 -18 -24 -12 -60
-8 38 -8 -2 -30 -26 12 -6 -38 10 14 -4 -10 -8 66 -10 -72 14 16 -4 -24 -8 -2 -28 36 -6 -42 -14 4 -4 42 -42 20 -18 14 -42 18 2 28 -48 54 -4 34 -36 -32 6 0 -22 -12 -26 6 -16 -52 28 -6 32 8 24 -72 -8
-8 -20 2 -2 -22 -10 -14 2 -2 32 -26 2 10 -8 -28 4 -38 -38 -20 -8 12 -8 0 -12 34 -14 16 -76 12 -6 14 -8 -6 4 12 6 0 -12 24 8 16 -10 -2 2 -44 16 -4 -12 -6 -6 12 -38 2 -24 28 -10 -4 -8 -12 14
0 -14 -14 4 -8 -24 2 -22 -16 -26 8 -2 -10 4 -62 4 22 -4 -22 14 -26 0 -14 -56 12 -48 16 22 18 -22 -14 12 -8 -6 -34 20 -70 10 -36 20 4 22 -42 14 -6 0 -10 -32 -2 4 -16 -30 6 32 60 34 32 -32 -12 4
-8 26 -2 -10 36 -2 -6 -44 24 20 -20 -20 -14 28 -32 -20 -32 6 6 16 -44 4 8 16 24 -4 -28 6 -18 12 32 28 -6 -6 20 0 52 4 -64 26 12 -26 20 -44 -2 0 12 -36 16 -14 -22 -6 -18 -4 -30 14 56 -82 10 20
-16 -8 2 -18 -18 -32 -38 -2 -30 42 2 -2 6 4 16 -4 -36 30 -8 4 22 -16 -6 -50 18 -32 4 2 8 -8 -16 6 24 4 10 14 2 20 54 0 8 -34 -26 -70 -16 -30 -16 -14 12 -32 -36 -22 -28 20 -50 -2 -12 14 -28 -12
18 6 -18 22 -34 0 -10 28 -12 -34 12 22 44 38 24 -32 -30 20 12 -8 -22 24 38 48 6 6 24 16 42 14 8 6 14 16 8 -18 24 12 -6 -30 66 34 12 32 -24 26 26 2 0 38 24 -40 -34 -34 -42 22 10 2 36 -14
6 -14 6 28 28 12 -2 6 -10 0 14 18 0 18 -2 54 20 -18 14 -14 -12 6 16 -2 8 4 10 -10 -16 -20 -50 -30 14 0 -14 -16 -24 -10 -44 -22 -22 -22 0 -32 12 2 -40 -4 -14 10 2 -36 -40 -6 -20 0 -12 -12 22 8
-28 -44 -22 36 0 -6 -22 28 28 6 6 14 26 -6 -18 -24 24 -70 8 -2 -6 16 -4 32 -20 34 -12 4 -36 -20 -20 -42 -16 -24 14 0 -12 -30 -30 24 -8 -2 -30 32 40 16 -54 -20 6 40 -16 48 18 -22 -28 -4 10 42 -50 -10
22 -24 -6 8 40 -16 -10 36 2 30 -54 40 0 -28 4 -10 22 -8 -46 18 -6 14 18 46 12 -2 34 26 -20 28 22 2 -24 -4 22 12 -30 -8 36 30 10 8 18 50 20 20 -2 6 2 32 -2 48 16 -14 -6 -2 20 2 60 20
6 2 -22 -16 -84 22 8 -2 -20 14 18 6 -4 26 -48 22 10 30 -20 10 -12 16 -6 -32 10 6 -22 4 -8 18 -4 -36 -16 -22 14 -24 8 -14 -10 2 -12 -24 -12 6 8 -2 26 -16 -2 4 -4 6 16 2 28 2 4 4 -6 -2
-14 6 -44 4 -46 6 -14 8 4 -20 -12 10 6 -20 6 0 -22 8 -4 -4 8 -6 2 -12 8 -6 10 -8 8 -10 -2 6 -6 12 14 36 2 -20 -28 -2 -28 -36 8 -16 20 12 16 12 2 -14 -6 8 8 6 22 -4 4 -26 10 0
-2 6 16 8 -8 24 10 14 -8 4 -36 -2 0 -2 6 2 4 -6 -4 4 4 10 2 -10 12 0 16 -16 0 -2 -2 -36 -2 2 -4 8 0 0 16 -8 -8 6 12 -12 -32 4 -4 -6 2 2 4 26 10 2 12 -6 26 6 -22 0
-2 -24 -12 14 -12 -8 24 -16 22 8 38 -24 -14 -34 40 -8 40 -26 -14 8 16 10 12 -36 2 -50 -26 12 42 -16 26 -2 -8 28 18 8 -20 -12 14 -16 18 -58 26 -14 4 50 40 -52 -28 -18 -28 -12 28 0 -64 -24 52 -30 -32 26
2 12 44 -12 -48 -6 -2 20 18 -34 0 8 -2 20 -42 14 4 12 -14 -12 -8 6 6 -76 10 0 -2 -54 -28 6 12 -20 0 -2 14 2 -8 -8 -38 14 10 -16 2 -6 -34 0 20 -20 0 -18 0 -6 -6 18 66 12 0 30 30 -40
-14 22 0 36 -8 22 12 -2 54 -40 4 6 -18 10 -8 -38 56 52 40 16 -28 8 12 54 -8 -2 10 -4 22 -4 -2 22 4 8 -34 14 2 4 -26 24 -4 10 -24 2 34 -34 -18 0 2 -56 4 16 -4 26 18 -16 4 40 -2 2
-18 -12 -10 24 8 24 4 2 22 18 0 22 0 26 0 26 -4 -10 -6 28 -36 -6 6 22 8 -2 -4 14 4 -12 -22 -14 -18 8 -8 12 8 10 -20 -12 -44 -26 -30 56 -12 -2 14 46 -24 12 12 -10 -8 -2 22 2 36 -18 24 -112
-12 -44 12 2 40 -28 -2 -12 -22 -4 -10 -22 -18 -4 -6 10 -64 4 4 6 -8 -2 14 -16 10 28 26 -86 -62 -2 10 18 6 12 4 -34 -10 -74 -16 -126 40 6 -12 26 -30 20 0 0 -28 34 -4 -62 34 -20 -24 6 2 10 -16 -52
0 -24 16 -14 14 -20 -4 -18 6 -46 12 10 -10 0 56 2 30 -28 -6 30 8 -8 -32 -62 24 -24 -12 -82 -38 16 -2 -42 -22 6 -8 10 -10 6 -12 -10 -12 -24 0 36 -26 -6 16 34 4 -4 -24 32 -20 8 8 -8 14 34 64 10
12 -34 22 -22 -12 -38 22 -28 -10 8 -20 -28 -14 12 16 -16 -12 -36 12 -28 -26 28 -46 2 -18 26 -12 -28 -8 -24 -10 -76 -6 -16 -6 2 -32 -22 6 18 -18 28 -24 -4 2 -38 -60 -54 24 -2 -10 44 -14 -16 8 -8 -46 -18 -14 18
30 -34 10 -14 38 -22 50 -42 8 34 8 -32 18 2 -50 64 40 -8 -44 42 46 12 24 10 2 -42 -44 26 -2 8 12 24 2 2 -30 12 -30 -14 4 26 18 0 2 12 -6 -30 28 26 16 36 8 -38 30 -4 -10 10 68 -72 10 38
12 34 24 -2 0 22 -6 -2 -4 40 -14 -26 -30 -14 32 20 -64 0 32 -18 10 -18 18 50 14 -8 -10 20 36 -36 -4 -24 -4 -52 -4 -28 34 32 22 -30 26 -12 40 -2 -6 34 -24 34 26 -10 16 4 -32 -42 -28 -14 -16 -14 -22 -38
32 16 -30 -2 -12 -6 -8 -8 0 -10 6 -22 16 42 40 -24 32 4 -24 -2 -26 -14 -18 0 8 -2 -10 28 8 12 20 2 34 -4 -22 14 8 24 18 -40 38 48 -12 -6 -24 -6 14 12 -4 16 6 -14 -8 16 -40 -26 -24 44 -66 10
-10 -4 -4 4 -58 2 24 -6 10 6 12 -16 -22 28 32 6 -82 14 -10 12 -18 -2 0 2 4 24 -6 6 2 24 30 -24 10 20 -16 -4 -32 -14 54 22 -16 14 -46 4 42 -22 42 14 -8 -32 -8 6 28 20 -16 -8 12 -4 6 10
-4 -24 -44 20 8 12 28 12 -40 -36 28 2 -32 6 -28 -20 -24 22 -6 -22 2 -4 34 -10 -24 32 40 -2 -32 22 2 18 24 22 12 -10 36 24 6 0 14 24 -28 28 0 36 -40 -22 18 -2 40 -56 14 34 18 -8 48 8 -26 20
2 -12 -48 4 -40 4 12 -2 -8 -22 -2 4 -8 -2 14 -28 30 -22 -24 22 2 -4 -18 4 22 -6 -2 -26 -6 8 18 -8 10 -10 32 -4 -46 6 -40 10 2 48 10 -18 -40 8 -4 -16 -12 0 -4 40 10 68 -44 16 2 18 -46 22
6 -46 8 22 18 26 18 -4 8 38 32 22 -32 32 -52 30 4 -16 -8 -2 8 6 48 -4 14 10 -12 2 12 6 20 28 -10 -14 42 10 -4 16 -56 18 -4 -8 -42 -6 -22 -18 -20 22 8 28 14 -48 -44 0 -52 -42 14 -36 10 14
-22 -22 34 -12 10 24 -16 -42 -14 -4 -6 12 -10 -8 -52 26 32 2 -56 -36 -28 -16 -28 -24 -24 -2 -20 -16 24 -34 -18 -8 -14 14 4 -16 4 -54 -20 4 -12 -14 -2 2 -14 -22 0 24 -8 4 -6 -10 16 -46 -8 -4 -12 -16 34 -8
-10 -10 22 -10 -62 16 -14 14 -14 -26 -10 6 4 10 10 24 -44 0 -28 -4 -10 -4 16 -30 8 -6 2 -56 -8 -6 10 -14 -8 2 18 -4 -10 6 42 12 4 -6 -10 -18 -32 8 10 -38 2 0 -4 8 22 12 10 -18 10 4 -8 -46
12 -4 30 -28 22 -38 -4 -12 0 22 26 -40 -22 -20 -8 20 24 -8 -10 10 36 12 16 -8 24 -44 -16 2 -20 -6 20 12 2 -52 -2 -4 -10 -4 38 22 18 -2 40 14 -46 -8 -4 -26 8 -16 8 -16 -8 -18 34 0 12 -18 -62 -12
-10 14 10 8 38 -10 8 50 22 -8 8 18 -26 -28 14 -20 -40 -4 -40 -24 -34 6 -12 -8 -4 -2 -2 8 -34 12 -90 22 -26 -16 -6 14 34 -16 -6 10 -4 0 18 4 -78 4 -52 50 -8 -2 -18 52 -22 6 -56 -14 0 58 -54 -26
18 -26 18 20 0 -6 -10 38 -22 24 2 -10 12 -22 -30 -38 -42 -6 -26 16 -28 0 -44 4 4 -16 2 -4 14 -4 -46 6 2 -26 -22 6 -22 -34 14 58 26 6 -44 32 -6 -22 -8 2 4 12 -26 20 58 -30 10 8 12 -52 22 -48
-14 -10 8 2 12 2 -6 -20 -12 44 -6 -12 14 -8 10 0 -8 14 38 4 -4 26 -26 32 -14 0 6 24 40 -40 34 38 -42 -20 22 -16 -24 -26 52 8 2 -34 22 -2 -10 -10 0 -18 22 -16 -2 -16 16 4 6 -14 -12 20 -22 -52
24 4 -30 12 -16 16 16 -8 10 2 30 16 -26 -20 42 42 52 2 -14 8 -56 28 2 -14 -38 0 -22 10 -6 2 -22 60 12 8 -12 -4 -18 8 -20 34 -8 26 -12 22 -22 -30 -22 68 46 8 -30 14 -2 -6 -54 -6 10 14 30 48
6 -22 18 -22 0 -12 -70 -26 -16 0 18 2 16 14 -28 14 -12 2 -40 8 22 16 20 0 16 38 18 18 -10 -10 16 10 -26 -28 -18 -6 44 -4 30 40 26 -10 -32 20 -2 6 -10 -12 -6 4 -14 -38 -32 10 8 8 18 -12 28 -4
-10 8 -36 18 12 10 -12 -34 12 38 10 -8 -4 6 50 4 -16 2 8 -4 -38 -10 -60 -66 14 -48 -30 2 12 30 -2 -124 4 20 48 20 54 20 -10 -4 -54 8 12 6 12 4 -12 -62 -28 8 22 -26 -2 -44 8 -16 -12 -28 -16 22
-2 0 -28 24 -8 -12 2 22 2 16 -8 20 -2 -18 -70 56 36 0 4 14 14 10 14 -6 4 14 6 -4 0 18 -26 22 -18 -4 4 -10 -16 2 16 -16 -24 -14 10 6 -8 14 18 2 0 -12 -16 -2 2 -22 38 2 18 -24 12 2
28 18 -10 -18 18 16 4 -18 -14 24 -6 20 -22 8 -14 22 22 -14 14 -6 4 24 4 6 8 14 4 10 -8 -12 2 2 10 10 -16 -10 32 -18 -10 -12 28 -6 -8 2 22 -14 -24 6 16 -4 20 16 6 30 -68 0 28 -30 -2 22
-24 -4 8 -8 -64 -4 -52 16 -32 -38 2 -8 -34 24 -6 -34 -30 -42 -32 12 -36 -2 -4 -64 66 0 54 -32 24 -44 -20 -62 -12 42 -82 46 -52 0 -80 -66 16 -8 -26 -46 -30 50 -4 -82 -58 102 18 50 48 -12 32 52 44 46 -24 34
28 0 22 38 -12 -4 28 -16 -20 4 28 2 -32 44 -44 -16 6 -2 2 -44 -14 30 -8 34 10 20 -16 -44 18 4 -6 -24 8 -4 -14 -6 -6 32 16 20 -2 -68 8 12 2 -14 40 -20 46 -14 14 68 12 28 -68 -30 -10 -38 -14 10
14 6 -38 -2 -34 12 -2 2 34 -32 16 4 -28 32 -12 44 -22 42 24 0 -2 12 -72 -28 14 2 12 -12 -4 -2 -20 40 -6 -20 42 4 56 34 -30 26 -30 -12 16 38 52 -12 4 32 -30 -34 -2 -40 4 6 44 -2 12 8 -58 62
8 -12 -18 0 2 -14 24 -24 20 26 16 -52 -40 -44 12 48 -42 50 -6 -8 -34 -10 26 16 20 26 -16 -4 -48 14 32 4 2 14 10 -6 -12 -36 36 8 -24 -18 -20 -12 -10 -24 18 26 -18 -20 28 -4 28 2 -8 -30 4 -26 -4 16
6 -4 24 26 24 12 -2 -24 0 -38 12 8 50 -32 -20 -28 -16 -8 -58 -8 16 -20 30 -8 -10 16 40 -12 24 -14 -44 38 38 6 18 28 -22 -10 80 16 8 6 -14 16 -22 -24 0 -32 8 4 6 30 18 -30 6 -6 16 -6 16 -30
2 -26 -12 -12 0 36 -2 -30 -2 38 8 8 -18 48 8 6 2 -36 24 8 -30 2 18 -36 -18 24 26 -26 20 24 28 -64 22 28 -34 20 0 16 -50 -26 -22 -18 -22 34 20 0 -16 -38 -2 -32 48 -12 2 28 46 -14 12 -24 22 48
16 -56 2 -46 28 -36 -20 -14 -12 0 -20 28 -42 24 -76 18 58 -40 -46 -16 6 48 10 44 8 6 -24 2 10 28 32 50 -32 16 -4 -12 -34 -10 64 4 24 -14 22 -60 4 -36 -4 -46 -12 22 6 -46 -44 58 36 -42 12 26 -16 40
6 10 24 -12 30 2 -6 2 8 20 -20 8 2 0 -4 12 -28 14 -6 10 -6 -8 2 -4 16 -18 -22 -30 -10 -10 4 0 4 6 4 2 -6 -4 -18 8 -22 -14 6 -12 18 10 8 6 -16 8 -12 30 -4 40 10 -2 12 6 10 -12
-22 -8 -36 -18 -20 -4 -20 -60 -28 34 16 -22 -14 -36 20 -4 12 4 8 0 2 24 -6 -32 2 0 -8 42 16 8 6 -36 -14 2 -14 4 -60 68 -24 -8 -28 -24 16 -4 20 46 -58 -36 -2 30 -56 -26 -22 -6 -26 -30 -4 -14 -10 26
4 6 34 -24 -22 -12 24 4 -46 -8 20 22 10 14 -4 -6 -18 2 -32 10 -24 20 -4 -20 22 -8 6 -2 -32 -6 6 30 2 -32 -2 -4 22 -14 30 44 30 6 -10 54 -20 -18 -20 26 26 14 10 -14 -30 -6 -86 8 -24 -16 -8 -8
12 -24 52 -34 -50 -74 -54 22 -8 10 4 70 8 22 -84 -4 -32 64 -24 -92 -48 -64 48 60 74 -50 60 -72 64 -12 -46 -54 56 46 -32 10 70 52 48 46 -8 18 -26 -2 56 34 52 50 -38 -44 20 -44 22 68 34 -38 14 -70 24 -38
18 -36 -40 -20 -40 -22 58 26 -24 -30 32 -42 70 -36 -30 16 34 -60 10 2 -14 20 12 -76 -14 -16 4 8 -24 -18 96 -32 34 48 46 28 -38 82 12 -20 -72 42 8 -52 76 28 12 -48 12 30 -128 -46 -10 2 -70 40 -28 -2 -22 -32
-22 8 28 -26 -18 -56 -4 58 -8 -50 -44 74 0 -54 -36 -10 -112 40 0 -14 22 -22 28 -56 -126 36 48 -54 -68 -58 -26 -28 46 46 -6 -24 -2 4 -126 24 20 24 42 32 6 12 -8 -14 -58 10 12 -36 38 28 62 -26 86 22 42 44
-18 -24 -36 -8 6 4 38 8 -20 14 36 28 40 12 68 -64 30 -66 -6 8 -16 22 -2 -26 -66 -70 12 -26 -10 -32 24 -32 30 4 62 -22 -16 -38 -16 -74 -50 -12 24 -22 62 2 22 -104 -48 30 -44 -46 -24 58 -24 -16 4 62 -4 -6
18 -30 48 20 20 30 -6 -34 -4 26 18 -52 62 20 -4 -20 36 -22 -32 2 -2 22 8 38 26 4 22 2 -26 -20 52 -22 92 -8 20 -4 -38 54 -14 24 -14 -8 -8 46 2 -4 -42 -66 4 24 18 -26 -28 20 -4 -46 24 -16 -20 -52
18 -12 32 -10 -4 20 20 -16 -38 -16 -22 -10 4 4 -32 38 -10 -16 -12 -30 -52 0 -20 -10 -10 0 -30 28 26 2 -44 -14 34 -6 -2 2 6 16 -52 -26 6 22 10 -8 16 24 -20 -38 14 8 -8 -2 -38 24 2 -38 -14 -26 24 -12
32 -38 -40 14 -22 6 126 20 0 -10 -26 -38 60 48 18 -16 -50 36 -4 22 20 4 56 -108 -28 -12 14 -2 38 38 -46 -32 -42 56 -54 0 -18 -12 -52 -48 -72 22 -20 -32 -18 8 -2 -4 -42 -20 -78 54 8 4 -54 -60 10 -10 44 -42
-10 0 0 24 -26 -8 -10 6 10 -34 -56 -18 -2 22 -62 -18 28 -12 18 -16 -28 -6 -6 4 -38 -28 38 4 34 -44 -26 -54 -16 18 -10 2 -30 36 -12 -54 -28 14 4 52 26 28 -52 -8 8 24 0 -24 -30 8 44 42 -4 2 70 -36
-12 0 6 46 -12 18 -12 2 -22 2 32 -46 40 8 14 -28 -12 -60 8 -10 -36 -2 -56 -52 12 -12 -14 -24 -16 -56 -24 -40 40 -12 42 20 -22 42 -44 -50 10 4 12 -2 -14 -6 -44 -34 70 -24 -26 22 -12 -48 -2 6 22 6 62 26
-26 -52 24 -38 32 50 -16 78 18 -4 10 70 -32 -40 -30 14 76 -64 -8 -52 -48 -52 54 -22 -122 -22 56 -38 -32 62 -54 36 18 26 -70 18 -14 6 -72 -22 42 30 -44 -14 -16 42 -94 -82 0 -30 46 0 -46 10 26 -82 46 -46 10 88
-36 -2 -40 64 74 58 62 -58 4 -46 22 -54 -66 50 62 -28 34 -34 42 36 94 -46 20 -82 36 54 6 28 24 0 4 -72 -40 -34 28 52 -18 52 68 -26 -44 52 26 -86 6 -16 12 -84 -18 72 24 46 62 -38 34 -4 -26 -44 -24 -58
14 34 12 36 6 50 10 -68 56 30 -2 -16 -34 26 20 6 -14 22 -26 -6 -18 2 -52 -12 -24 -8 12 2 -40 -44 -60 16 -4 -18 -4 -10 4 -46 -28 -34 -20 -32 8 4 48 18 32 38 -20 -26 4 6 16 -30 -8 24 6 -60 28 -8
18 10 24 -4 8 -10 -2 62 -18 -2 -44 14 10 4 -4 -114 -18 -14 -52 -14 60 -8 46 -34 -58 6 44 0 6 24 22 -78 24 10 -22 18 28 -2 -14 -6 50 4 12 -24 32 -2 -46 46 16 10 0 8 18 -34 0 26 12 24 14 56
26 -16 16 -28 8 20 -16 14 42 -24 -10 88 34 -34 42 36 16 66 -26 22 26 44 4 10 -26 34 6 -44 -34 -98 -10 82 0 -4 -38 12 -10 -30 -56 -82 -52 6 -8 -78 -14 -32 38 54 6 -8 8 -58 54 64 -2 -54 -24 58 38 -116
16 18 40 -20 -48 -12 -30 4 -8 -8 -40 -36 6 44 -20 -12 -66 -68 -4 -16 -14 0 -16 -52 68 -18 12 -30 26 46 28 -46 10 8 -26 36 14 2 54 22 40 20 18 -42 -16 22 38 -20 -22 -2 30 -48 6 -30 2 -2 0 16 12 -8
4 20 0 -20 -12 28 -72 6 14 46 -14 8 2 -16 58 -10 -40 124 6 -18 -6 8 10 18 -10 -122 -4 -32 -2 54 54 -26 24 12 36 -10 -32 -26 28 -22 -34 -6 24 -78 -8 0 -112 2 -8 16 28 8 -10 -60 -40 -38 -8 -14 16 -64
-18 -26 12 -14 -42 -8 0 14 -12 -52 18 44 30 -56 58 32 -114 72 -18 -6 50 44 -14 -16 -10 0 4 -58 16 -58 8 54 26 -64 -18 0 -36 -26 30 -52 -30 22 -42 -68 -52 -22 46 10 44 -36 44 -34 48 112 26 -70 -44 98 -34 -46
46 8 -8 8 -16 42 48 12 16 -46 -16 48 -10 -22 14 22 52 -22 -6 6 -2 42 0 34 -48 52 0 6 -20 -62 12 8 -42 56 -32 -40 2 -14 -38 -44 -8 60 2 68 16 26 -22 10 -48 50 18 18 36 14 -20 12 -14 12 28 -70
-46 -4 60 -66 2 26 -12 24 22 44 -24 -60 -32 -40 78 36 50 44 0 20 10 -64 -38 -22 -24 -34 -36 16 -54 126 4 74 2 2 -2 62 40 -16 -36 64 -46 -52 -80 -80 16 -26 62 -76 72 -44 8 -6 20 48 12 -62 8 36 -34 24
36 70 6 64 8 60 6 -34 -36 70 38 52 -18 -20 -40 -12 -28 -42 -14 -16 -48 -32 56 -52 14 58 4 16 0 -56 18 -36 68 24 32 -80 10 56 -32 -28 -58 22 62 -20 -22 -50 12 108 -62 -20 34 60 48 -56 38 12 36 6 -20 -64
10 40 -10 -42 -44 -22 2 -36 2 -38 -36 -32 -30 -4 -26 -42 -58 8 -22 -10 -88 -52 -18 -20 32 -52 44 10 44 26 -40 -28 4 64 -44 48 0 26 40 -98 10 4 6 -28 -22 26 30 60 -22 -44 20 -20 -14 -32 -18 32 -2 -36 56 2
32 52 46 56 70 -86 34 -46 28 28 -126 -24 40 30 -20 48 64 -10 54 28 62 38 46 18 28 30 8 16 50 -36 38 -48 52 10 50 -42 32 56 74 16 -8 28 50 -54 -22 -20 38 6 78 -16 34 34 30 -6 -26 10 -28 2 -24 -38
4 20 -14 -18 -16 -12 20 -52 22 -8 -26 20 -2 -20 2 -22 -78 -66 -58 4 2 2 -8 4 -38 12 0 6 22 30 -14 72 -14 8 -10 22 42 -12 6 -14 32 26 6 22 -62 -2 -62 46 32 22 -8 26 12 -60 -2 -12 4 78 -40 10
-4 -22 -10 -28 -54 4 16 6 -2 -54 -16 -48 -16 24 50 36 6 -18 22 -14 50 18 24 -46 26 -2 38 -18 10 26 4 -8 -20 2 6 40 -44 18 62 -62 28 36 18 -14 -88 4 14 -54 -10 -10 -4 -30 24 40 -36 4 34 36 62 -14
4 0 4 -12 -40 18 20 20 -16 -22 -70 14 2 22 10 -28 -70 12 -26 6 10 14 -4 -12 28 28 22 0 22 -12 0 -26 6 10 -8 14 14 -12 20 -32 14 32 2 -32 -24 14 32 -18 -10 10 20 86 18 0 -12 -34 -16 -10 -10 -12
-20 26 14 -24 -14 -6 -98 20 -10 -30 -32 40 24 56 -56 -8 -40 -44 38 -12 -4 -14 -12 40 -10 -126 14 -26 -44 10 -34 94 -24 -38 -26 16 -98 -20 -8 20 -2 38 -6 -90 -8 -46 18 72 48 -8 52 2 -26 28 62 26 -48 28 4 -52
-18 -4 -62 -4 -122 10 18 -54 -26 -70 22 -20 -12 -12 28 70 -60 2 -88 4 36 8 4 -20 -18 4 -32 -4 0 6 -50 52 -6 24 -36 6 14 -8 64 -42 10 24 8 -2 -58 -2 -60 28 16 20 4 6 32 -20 0 -20 18 24 -72 -128
36 -2 -38 -22 -22 -18 4 20 -36 32 -6 -10 22 -50 0 34 -44 -22 2 -34 26 -16 12 -8 8 20 10 0 -16 6 -6 -38 -14 -24 26 10 50 -18 14 -30 -42 -20 22 -4 -2 62 34 24 -24 46 -20 -24 12 -36 -26 -2 -2 -38 8 12
20 -8 -14 -62 30 -34 -24 -12 -10 -58 -32 -18 14 -30 32 -12 10 18 46 -22 44 -2 -26 56 -36 48 -26 -62 -34 66 10 16 -4 28 36 2 40 -18 -30 50 24 8 -2 -78 10 10 -42 38 40 -16 0 16 -26 -26 44 46 -34 2 16 46
18 40 44 -58 -62 -64 34 -24 30 -26 -38 48 -10 -12 32 4 -62 34 34 2 -34 24 -44 20 -56 -14 -28 -128 -58 -30 4 16 42 -60 -16 0 12 2 -98 112 -4 36 16 -8 52 16 24 -64 10 30 -20 -58 -20 44 -30 -24 22 44 16 -84
12 16 -30 10 -32 26 2 10 -4 -114 -18 38 6 44 -30 -48 -86 -84 -48 12 58 20 32 26 -18 12 62 64 50 -52 -6 -122 16 14 32 0 -26 -24 80 -80 44 32 56 -56 14 0 -38 -80 -4 54 38 -12 30 -22 44 12 -6 32 -48 -22
-12 32 -32 24 -4 28 -8 14 20 2 18 34 74 -28 -24 -86 -126 -126 4 16 10 -44 56 -4 -104 -10 24 46 30 92 14 -128 52 28 -46 -2 36 18 -102 -62 28 -22 10 110 4 52 -126 64 -26 6 18 -18 24 32 44 56 26 20 42 -32
-34 32 -8 12 -48 12 -34 30 -18 -38 -12 14 -20 -2 42 -36 -32 76 32 -36 -54 8 -60 12 -28 40 38 -14 20 66 -44 68 -8 -36 32 -10 -68 0 10 18 32 10 -12 -70 -8 36 -52 -52 40 -34 26 48 -38 46 72 -8 -54 56 -10 -26
-8 -48 -12 12 -2 0 62 16 -18 -38 36 22 46 20 -2 -20 46 -122 -32 24 -24 74 22 -8 -126 22 8 -52 -34 46 48 94 -16 56 8 20 -54 -32 -60 50 -56 16 -28 -126 10 -40 60 -36 -24 14 -62 -34 28 46 -8 16 34 6 24 92
-16 -30 64 50 58 16 -2 36 34 32 124 -16 -10 -34 14 60 76 80 62 38 -48 -52 40 36 -64 -50 -58 -20 -62 -48 32 -34 -40 -14 56 -52 6 -2 -78 42 -46 -40 22 34 6 -6 -26 66 52 12 -44 -102 -6 22 6 42 52 4 66 -68
56 6 14 2 40 -2 -36 32 -10 -8 -4 40 24 -38 52 12 100 20 -4 -10 -4 8 -10 -4 -50 -42 28 -2 -4 -16 -34 -4 -106 -18 20 2 36 12 -52 -10 28 -56 36 124 -8 66 -90 -112 8 44 6 -12 -22 -6 -4 16 -10 30 12 -76
66 40 60 -44 24 110 -40 2 40 20 126 16 34 50 -14 -34 -112 -32 16 2 18 10 -8 30 44 -8 -18 -32 22 30 26 -20 14 -14 -12 -6 4 -6 84 -52 50 -26 34 -46 16 -18 56 10 -38 40 -16 -2 -40 20 12 2 -40 -6 4 -2
6 32 -18 -12 -58 -4 6 2 0 -60 -22 -8 6 20 -26 44 -28 32 -12 -24 32 18 64 -38 -18 34 34 -2 -2 14 -40 52 10 16 -32 14 22 -32 26 0 34 -4 -2 28 -54 20 -18 -78 14 -4 14 -28 32 -42 50 16 4 10 -32 -58
0 30 -20 -10 2 -24 -18 -22 -20 -48 -48 -32 18 -8 40 2 -56 -8 -22 -34 -48 12 -12 -8 -48 4 8 -18 -12 12 -24 8 -10 2 -30 -42 -16 -54 68 -44 30 0 40 14 -2 26 50 -34 22 2 -4 48 12 26 40 22 -2 18 6 -22
-2 16 -16 4 12 -44 8 14 8 20 -52 -42 6 42 22 -10 -48 4 -70 16 -56 -12 12 -14 2 -2 6 -26 -48 -22 -38 82 10 -4 -36 12 -4 28 -2 50 -36 -4 -2 4 -48 16 14 -40 -18 10 -4 8 -6 -52 -50 -6 -30 -12 -8 28
8 6 -2 12 -12 6 -30 60 -14 -48 -12 14 -14 16 42 28 -12 -28 -48 -34 0 -6 30 -22 6 8 24 2 20 2 -28 -30 -4 10 -30 18 -24 2 -4 -6 -2 20 20 -34 -66 -6 0 -82 4 -2 14 -10 6 -4 6 -30 16 28 10 -84
-62 -16 -24 52 -30 34 2 42 -2 -36 -28 26 18 6 22 -62 -42 -54 40 -40 -22 -4 4 38 -72 48 10 -12 16 90 -12 -56 -2 40 24 12 4 0 -10 -52 -44 0 -16 -76 4 4 -54 -8 -52 32 -4 26 -16 -60 -54 20 -2 -46 52 -94
0 -18 10 -2 -78 -22 -52 74 -18 -72 -14 -14 2 44 16 42 -78 -4 -52 -16 24 -16 -44 -26 20 -24 4 -14 0 -52 -54 76 36 24 -38 4 -60 38 -4 34 8 -24 12 -50 -40 -6 26 0 -14 -10 -30 -16 -6 6 -50 -24 -6 60 74 -68
28 28 -28 10 -70 -70 -26 -14 58 -20 -56 46 -2 -4 8 32 20 68 30 -8 26 4 60 22 -48 16 42 46 48 46 34 50 22 28 44 -18 22 8 -40 -42 -10 4 46 -10 14 48 42 6 -50 -40 16 -60 -32 46 -4 54 42 -58 -36 48
28 30 -16 -10 -40 0 4 20 6 -58 -72 -14 8 2 -4 -42 -128 -82 -4 -24 26 -38 28 -10 -50 -6 8 16 -24 66 -28 18 22 50 -38 18 18 24 -32 32 14 44 -16 -76 26 -4 -32 60 -38 6 0 -28 8 -38 -48 42 14 -44 32 26
28 20 20 14 20 92 32 36 28 68 108 -44 36 -10 -46 36 -22 -8 12 42 76 -26 -20 54 32 38 2 40 -8 42 -34 -52 -12 -6 12 -28 62 6 6 -6 68 48 18 54 -8 64 -24 54 -2 14 34 110 40 -18 14 20 14 -28 -36 -14
0 12 -14 -4 -32 18 -34 32 4 22 -24 -14 -32 -56 92 -16 -24 110 0 -20 8 6 26 -48 -12 -56 -6 -34 12 26 20 -66 34 24 12 4 68 24 -12 -42 -36 34 30 -66 -8 -8 -110 24 -14 14 22 38 14 -72 -102 -38 0 -12 -26 -62
-12 -8 30 2 -46 4 -126 32 12 -50 -22 36 -2 -16 -58 2 12 -112 4 2 58 -36 32 20 -24 -50 6 -18 -16 -46 10 126 -8 -10 -18 -20 -80 -22 -6 -2 38 -18 -12 -90 -10 -72 92 22 26 -32 18 14 10 40 -54 34 16 4 4 -66
26 -14 22 -2 -44 22 -48 -14 -10 -24 20 -4 8 -2 50 14 -56 -72 -58 -28 10 24 -6 30 -22 -28 4 -32 -12 -18 80 -38 -52 32 22 36 -44 -2 0 2 12 48 0 -76 -8 -34 -56 -46 20 8 4 6 -8 10 96 -20 -2 56 0 -18
-46 -32 48 -10 -36 -6 -10 -6 -30 -44 20 -64 62 8 -78 -62 -76 26 -36 2 -14 -16 -6 -68 16 6 -18 -44 -18 56 14 34 -14 -44 10 44 2 -16 4 16 -40 -20 0 22 -20 12 36 -36 80 24 -4 -26 6 14 32 -26 -14 12 -12 -44
36 -40 -46 -44 -80 -50 -84 -32 -82 -50 -16 -58 -46 122 -74 -42 -22 -68 4 14 -60 -60 32 -90 126 -32 -30 32 50 48 56 -100 -78 16 -120 66 88 -42 -116 -22 44 80 42 -102 -64 36 -2 -98 -72 126 -38 94 66 -52 34 -66 76 -64 -14 30
-48 36 16 -48 -118 -44 12 -102 70 -100 0 -12 22 -22 12 12 -110 24 -64 36 10 16 18 -82 -40 -34 -14 -118 28 8 8 76 16 -22 0 18 -38 -60 -72 -28 -2 30 12 54 0 22 -66 100 -36 42 0 -44 -28 -30 34 30 8 62 -86 86
16 18 -54 16 -6 12 -2 -22 -30 16 -12 6 -44 -50 82 36 32 -36 -38 -6 46 -2 22 34 -46 -10 -10 -20 -2 16 26 -44 -64 22 -58 4 -30 -10 -46 -36 -6 22 -4 -74 -80 8 -32 78 28 32 -14 8 4 4 14 14 6 42 -16 -78
-18 40 44 6 -64 24 -50 30 -20 -64 -22 10 32 36 -24 -62 56 -34 -4 12 44 30 -8 16 -38 -30 32 2 42 -30 -54 80 -110 -52 -28 -12 112 26 -28 6 50 -36 26 18 0 58 -14 -36 28 -8 -30 6 6 36 6 48 2 36 -6 -58
34 4 -16 -14 -14 82 18 16 -6 44 36 6 14 12 30 -38 -56 52 38 10 -30 30 -40 18 -24 -2 -4 -58 60 70 62 -66 -20 -92 22 -2 -50 -6 -10 64 -28 -54 8 38 -4 26 52 -50 -50 4 -12 84 -12 -38 -70 0 34 -42 -18 4
8 26 42 -2 -78 -26 -36 4 12 -32 -24 -6 30 -18 -40 30 -8 16 -76 -16 -18 6 12 -70 20 -34 -30 -6 -6 8 -68 56 -66 -30 54 4 -10 -68 46 -12 70 -22 12 -56 -28 8 16 36 26 50 -32 4 -22 -24 -58 34 -8 0 -78 -62
-26 46 4 58 -26 46 44 50 16 20 48 -40 42 0 14 -80 -118 -74 34 -22 18 -24 6 -36 -58 18 40 -38 -18 -66 -40 -44 12 -2 102 16 14 6 -26 -30 -44 52 -12 22 -6 22 -112 -10 68 -46 16 44 28 -28 34 12 -24 -84 -28 -34
14 2 20 -42 36 14 -6 18 14 16 -38 10 16 4 16 32 -58 10 -22 12 2 10 16 18 22 -12 -28 -28 -14 4 10 2 10 24 -8 -10 -2 -14 -30 -16 -8 -12 20 18 -2 -4 16 20 -18 6 0 72 -28 36 -4 -12 14 8 26 -16
24 -14 24 30 6 12 -102 28 32 -54 -12 40 28 -86 -22 62 20 -124 0 -12 4 -44 8 -88 -14 60 4 -36 -20 -44 54 -54 16 32 34 4 46 2 6 2 -22 26 -14 -54 12 -54 72 -72 -4 -40 -10 -2 -6 -6 -60 62 18 18 20 -76
18 -12 -36 10 -16 4 120 18 14 6 -14 -28 -24 -84 58 -2 -50 80 -2 -10 14 6 42 -94 -30 72 -6 -28 52 10 2 -72 -12 44 -22 -16 52 16 -38 -52 -26 42 20 -38 -8 -12 -64 24 -52 -18 -54 32 32 -28 -44 -42 30 -32 -20 -76
