-126 -48 -2 26 -84 -44 64 -82 -42 -48 -62 -60 -126 -70 22 -72 -28 30 -50 32 30 -42 -28 30 60 42 44 52 -96 10 -58 72 -92 2 -8 -12 -74 26 -128 -30 44 -52 -54 -50 -80 -18 -2 -104 -38 -10 70 -56 -30 76 2 -46 -48 26 12 40
-106 30 -46 -38 -50 -58 12 -26 58 14 50 -28 122 -2 -64 80 -42 -68 50 34 -80 -82 120 -40 -56 6 -52 -68 48 -18 88 18 42 -42 -42 -48 116 -32 124 18 -88 -40 -28 110 -78 34 -26 26 -76 40 -126 -6 -16 -124 -30 0 14 10 -20 -110
62 -102 36 -30 -66 30 -44 -48 -40 -10 -76 -48 26 -124 -78 44 -60 88 28 56 60 18 16 -82 -104 14 88 18 12 -20 -84 92 4 54 -24 -20 -106 38 120 124 20 26 118 122 28 -62 24 -122 -30 66 56 22 46 -98 -56 -56 62 82 -66 -72
24 -6 38 50 78 -42 16 74 -30 42 -56 -10 -58 86 -114 -28 -12 -68 -26 58 36 82 38 78 -34 -12 48 60 -124 -76 -12 -76 -126 -92 -2 28 -94 42 -126 -120 120 48 -6 114 38 -98 -2 34 -36 42 80 10 -58 50 24 -40 -50 -38 -54 118
-18 -26 -36 82 116 88 102 42 6 -34 -32 -126 -64 64 40 46 -68 2 34 -62 -62 -26 22 60 118 44 -48 76 102 -38 -42 100 -36 -74 54 -68 126 80 38 -34 -48 16 -94 14 -16 -10 14 80 -18 26 66 -66 44 78 -36 -28 -68 -34 40 -104
-10 102 -18 -2 78 56 38 100 82 74 -32 60 90 48 56 -46 30 6 -66 -120 92 -120 50 -78 14 -8 16 -22 8 -64 58 -62 0 58 -46 -44 -46 4 42 -2 -24 -16 32 118 -124 -62 32 42 8 40 -6 30 -24 10 62 16 60 66 26 -42
26 -68 -42 48 -40 -8 -46 -30 42 -32 -84 -58 34 44 20 -114 32 118 32 -14 22 10 -48 -70 34 38 -92 -50 70 -40 52 34 4 -52 -42 -20 6 88 28 26 -28 22 22 32 -6 70 12 -90 -120 -50 -50 16 18 -126 58 42 66 18 118 -8
-72 44 66 38 102 20 -18 54 -22 -22 54 -92 28 16 -4 34 -52 -26 60 -64 -36 -52 40 -50 26 6 12 54 22 -84 70 20 -118 10 -8 0 108 110 0 -100 50 26 -72 -6 -4 2 28 70 16 -10 -106 -12 24 -50 -62 62 -32 54 32 110
28 -64 -78 -46 92 -40 46 -42 -30 64 -48 -92 8 90 32 -84 -20 8 -48 58 62 80 -18 -22 30 -64 -40 4 -62 76 14 16 18 -38 22 -34 90 112 -70 4 58 -68 -52 -122 -30 -30 -12 -126 62 52 56 -38 24 -118 34 56 36 18 34 40
-44 -10 106 -38 -32 -26 42 84 86 -22 -12 84 4 76 -24 -48 72 0 30 -48 -58 -76 8 -44 48 54 -6 38 -20 -126 -42 2 72 -44 8 -42 -98 -124 72 -34 36 -2 80 -122 4 -24 54 56 -38 -4 10 -20 -56 58 38 -44 24 -50 26 -46
0 58 -20 -18 24 34 -52 64 32 28 -34 64 72 10 -12 -4 116 -22 -34 -2 14 -12 -104 -36 -18 102 54 18 -20 -44 44 -10 -70 26 -46 -40 58 -10 -82 10 68 28 -38 48 -104 10 42 -44 46 20 -24 -18 32 -32 -10 -24 34 -8 -16 8
78 14 72 6 -80 18 -64 -60 20 32 -14 56 20 0 2 -40 14 14 94 46 18 100 -38 46 4 54 -62 -54 -8 -70 4 48 14 -12 56 -8 -84 20 -64 58 30 6 78 88 56 62 34 114 -32 16 32 -18 72 -36 32 54 86 40 68 62
38 -48 16 6 -100 -40 -32 24 20 24 70 44 98 2 -64 34 -30 -4 -26 30 8 72 -60 22 -40 26 6 -82 -78 -80 32 -32 -70 -56 -14 52 -56 2 126 -2 -18 52 -34 84 -50 30 10 82 64 -20 -120 -28 -46 116 -30 6 26 46 -4 -52
-64 64 66 26 0 -18 -98 -42 -34 -72 -52 16 -66 42 4 124 74 -30 -26 -40 26 96 -22 34 76 14 -4 12 50 -74 -50 2 -60 22 -8 26 40 -2 -62 -16 106 -12 -48 72 -12 -104 24 -12 -36 92 -8 64 22 76 -38 36 10 44 -82 16
-34 -68 -26 58 -18 64 -72 24 -106 48 70 82 -38 70 28 -10 -40 8 4 6 18 14 64 22 46 28 54 20 -28 40 -70 38 36 50 86 8 70 -64 8 54 -126 -20 -116 -50 -2 -72 -22 50 -42 4 -8 0 24 44 46 -30 -86 -58 24 -6
16 66 -22 42 -52 26 8 -12 18 16 -44 -20 -30 -52 38 30 -30 20 -28 -28 -46 22 -118 -2 64 -68 0 86 2 38 64 76 96 8 -24 30 114 50 110 -126 -104 52 -122 -80 -42 62 24 -124 -28 -26 -124 74 -42 -78 2 -40 -56 54 80 44
-20 0 -40 -42 6 20 32 24 -48 -58 -52 40 22 42 56 56 4 -24 22 36 30 -44 38 -38 50 -2 38 -32 -18 -26 52 0 -64 40 -34 -12 -8 -54 -62 38 22 -8 -42 -8 16 -24 -32 -62 54 -10 -6 32 0 68 0 -42 46 -30 -10 2
-36 10 40 -8 26 -32 -16 -2 16 -24 32 -22 8 -30 6 -16 36 -18 30 -76 26 48 26 8 -16 52 42 2 50 -20 -8 -28 28 -64 -34 -30 -2 0 28 14 20 26 -6 -2 38 -2 18 40 -16 4 34 -6 -62 24 0 40 -12 -38 -4 -28
96 64 108 8 18 -22 -62 -82 36 -6 34 94 -122 -32 102 18 36 -32 -74 -42 -50 -42 -2 40 -62 44 -98 22 -40 26 -22 -38 4 58 0 38 -94 -90 -84 -6 6 -46 -66 20 -20 64 6 -32 -36 -52 72 14 -14 -122 50 68 -44 -18 46 56
46 72 124 6 -2 -60 90 -106 -54 38 32 -8 -86 -74 88 -30 22 -20 52 4 66 -80 -54 -14 42 42 -44 80 24 80 -24 76 66 60 -34 4 104 112 -128 -116 10 -54 -62 120 18 44 22 46 -44 8 -126 52 22 -36 -38 78 -86 -52 -76 118
-120 12 60 10 16 -22 42 -12 -4 -20 -48 80 -32 36 -48 -40 22 34 70 22 0 -26 74 16 18 -126 -10 2 28 -26 10 -46 6 -4 2 -30 78 44 24 20 18 50 -52 72 18 -20 10 54 -34 22 -2 -52 -16 20 -30 44 2 38 -18 -26
-72 -66 -92 -48 90 22 -24 108 -10 6 74 88 -122 -56 -44 108 -28 44 10 30 -32 -44 34 -48 84 90 108 -88 108 62 38 62 26 -34 6 52 86 -96 -46 108 -30 6 -10 -122 -32 54 26 24 54 22 124 56 44 -126 -28 0 12 0 18 -18
-122 24 -94 92 -70 74 32 -8 -12 -32 12 -78 -120 -2 30 22 -4 14 -40 12 46 2 22 0 -108 -72 8 0 2 -46 -32 6 24 16 20 -8 -74 -96 48 -36 4 -58 -8 32 -20 12 14 -28 44 -74 50 -10 46 124 -52 -8 10 -48 8 -102
76 -56 68 -72 -32 36 46 -22 4 -56 24 90 88 -4 54 122 14 40 14 -34 46 46 44 -50 -118 -26 -6 -8 -54 62 18 42 24 22 36 18 -50 40 -124 60 106 0 -26 30 -2 -36 -14 -28 -18 40 -74 24 -26 100 -44 -54 50 -32 -102 -54
-90 -64 -120 -30 52 20 12 50 92 52 -36 -12 -4 16 -78 -28 -16 4 -48 22 -38 22 104 -42 -64 -6 34 -12 -48 62 6 -24 -38 40 2 56 32 10 -114 -26 -40 -14 4 102 -30 26 20 78 10 48 -34 72 -18 104 64 -12 76 12 6 74
-68 -6 52 12 70 -44 116 96 -42 58 68 -32 -22 -46 -82 -128 -36 -62 28 68 -8 -84 -24 88 46 -2 114 50 -82 -32 -10 -120 54 48 -12 2 -6 -78 -76 -38 -40 32 52 -68 -6 -16 26 68 -16 -30 8 -22 -62 24 12 -54 -76 -14 0 -22
72 94 -4 -70 122 -48 62 -46 92 24 -72 -122 -122 18 -16 -24 -18 -98 -78 74 -102 34 -78 96 -62 14 -90 60 48 -114 48 -36 60 8 -20 -52 2 88 124 98 -78 72 48 -120 42 100 -4 62 -46 -92 124 32 24 -76 106 -114 -88 -54 -30 -92
-110 80 8 -8 -44 -48 -10 -76 -4 -14 2 -8 -64 32 12 -86 -42 72 52 64 44 -84 -104 -20 16 -110 -44 -32 68 8 72 44 -38 -22 44 8 -124 88 -26 -58 74 78 60 -88 100 40 -42 48 16 -24 118 28 74 -126 -78 44 -38 18 -2 -18
-54 72 -64 -24 108 -26 -84 46 -38 -14 -32 -122 124 78 4 -56 -46 34 -70 -10 -96 -40 88 -48 -76 -44 64 4 -66 42 -44 68 24 10 8 -50 -8 -68 124 -112 -68 52 -22 126 22 10 30 -110 12 -12 -120 -96 4 50 -54 -18 -74 6 18 -68
32 -8 52 70 22 42 -12 16 -42 -24 -38 -32 -54 -40 -22 2 10 -64 18 -52 0 8 28 24 -62 18 54 -40 -10 -64 -32 -68 -8 -64 -4 26 92 52 -42 32 14 28 -28 -32 60 76 16 50 -18 56 -12 80 -56 6 64 -78 28 -6 -60 52
-124 76 -56 -92 -92 -4 14 -120 68 56 -84 -56 -48 42 66 -90 -38 -64 4 -2 -14 28 58 -80 88 -100 10 78 -42 100 -46 10 18 -70 50 -8 -106 14 46 -82 -116 16 88 -124 34 16 30 -32 -4 62 28 -102 -50 -124 60 66 46 18 116 112
-2 -6 72 -48 -2 -16 -40 42 -4 54 -32 -44 -28 6 16 -48 -4 8 -36 -28 -12 42 -20 -6 -48 -16 -40 -10 -54 -4 -78 -18 -38 -8 42 -16 2 42 10 -70 -10 6 -14 -8 16 14 -14 54 14 -60 48 -20 14 -14 60 50 2 -10 4 -42
92 74 50 60 38 26 0 22 -62 20 32 92 -42 40 -80 -114 -56 -2 42 64 72 -28 50 84 78 -2 -28 -60 -54 -10 18 -6 122 -74 -30 18 100 -62 -74 -82 -90 -20 -58 44 -40 82 36 -64 -12 -54 -20 12 64 96 16 -8 44 -38 60 42
48 18 28 110 -12 60 56 42 44 100 -50 64 92 20 80 100 6 20 -32 28 92 -68 64 76 -4 -30 96 58 46 102 -20 42 28 -22 44 40 48 -18 -106 80 -4 -18 60 76 40 -34 14 -82 2 56 -12 -48 -44 -42 -62 38 10 -76 -46 44
-80 -40 -14 -62 34 -34 -6 -4 14 -16 0 -74 -90 -80 18 58 46 18 -46 40 84 -6 46 66 -22 -18 -48 -84 22 -12 -62 -30 18 60 30 -52 -46 100 126 14 38 -46 -18 -70 16 14 8 -22 28 -46 120 -60 38 98 12 32 -2 30 -74 -100
46 30 -124 -64 -52 24 -66 -104 82 -54 54 68 -72 -36 104 110 48 28 46 -50 58 -52 -26 -106 100 18 -44 -64 112 -126 52 108 4 -48 -74 -10 -84 -100 64 -44 -10 46 94 -48 20 -26 -20 -64 -50 -10 74 -84 -24 32 20 72 62 -24 6 -120
-54 -92 -36 22 -48 -50 52 -26 52 50 12 -16 82 -10 52 -40 8 10 46 48 42 -50 10 -90 -70 -20 -66 22 24 -50 18 4 -42 62 -26 26 66 36 -106 6 22 18 14 -12 8 8 2 -66 -22 -18 -52 -26 -50 -70 -18 -28 24 6 108 16
120 58 66 -108 114 -68 2 -62 118 50 34 44 40 -16 54 46 68 -24 8 10 -70 -26 -60 -56 -120 76 -80 -20 126 -128 86 66 -60 78 18 -10 -2 110 126 60 -52 -48 -62 30 38 72 -16 112 -60 -34 -28 64 18 -52 38 -58 -68 -60 -32 -126
96 36 72 42 -50 6 -6 -26 -32 -56 6 46 -46 -8 -114 22 -6 -50 80 -22 -36 -6 -118 0 -60 -36 60 -36 -120 -122 58 -12 -124 -32 -34 -18 -62 8 68 -64 124 104 66 54 -56 34 -22 92 16 -50 8 16 -66 52 0 22 0 -48 -12 42
20 -54 -42 28 -80 108 10 34 64 44 -12 120 66 -122 0 -8 -16 0 -20 6 -66 -22 -50 74 -62 -54 -2 -44 -56 20 -18 58 42 12 4 44 92 -50 -26 64 -78 -8 -8 70 -48 56 -32 -122 10 38 -58 -22 -16 20 64 26 -20 -24 64 56
88 -58 -50 10 -20 -4 -70 -4 -26 4 40 -48 14 -66 62 114 -6 24 -46 -24 4 28 -70 16 -80 -14 -44 -16 124 54 -6 62 14 -14 2 26 0 26 96 16 -106 -14 8 4 -12 -78 -20 -118 32 -2 -6 14 24 -126 34 20 -8 24 58 -94
-54 64 -6 -98 -4 86 60 -34 70 -32 64 64 58 90 52 58 34 -52 -36 -18 -10 44 -4 -28 -76 30 -72 56 -48 -44 40 14 62 -84 -16 8 -8 -46 122 -38 -82 -18 58 -42 -22 -14 -6 32 -24 60 0 24 -14 -112 92 -22 42 -48 12 -120
-22 36 28 106 66 -10 86 92 -54 26 56 14 76 -6 -26 28 74 32 52 -68 68 20 -72 70 -38 44 12 22 -36 124 -32 -122 26 -90 -4 -10 -120 20 -128 86 -44 -10 64 -120 26 -26 20 -100 60 34 -40 90 18 -8 56 -118 0 -72 62 66
-42 -24 -50 16 -6 8 -44 14 0 -64 -44 6 -40 -8 38 76 -10 -2 -46 -14 28 -4 50 24 -66 -66 -10 2 -20 38 8 28 -42 -6 32 12 16 18 -96 -62 -20 -56 24 12 -26 18 24 40 48 16 34 28 52 -28 36 44 16 4 -56 -24
-20 50 90 34 90 -64 -80 -54 -60 -4 14 10 60 -56 -68 -78 -22 14 32 -62 -98 -82 110 28 -22 34 48 110 68 114 -56 64 26 82 28 -8 10 34 -126 -126 -126 -28 -8 120 50 -70 6 -30 -70 66 -128 44 24 2 2 -46 -50 6 50 122
90 -44 30 94 -58 -30 84 -26 -64 48 -32 94 -22 -52 32 -126 30 42 34 92 40 -44 44 -50 76 72 -26 -70 -124 -24 68 -40 -16 42 -36 20 -24 -72 112 48 72 14 18 26 -4 56 4 32 40 68 -66 -16 -8 124 -24 62 -74 32 126 -54
-124 -14 -26 18 36 4 22 -20 -10 10 54 -122 -34 -50 -34 26 -6 -12 12 -20 -14 28 -40 28 14 18 -70 64 60 26 36 -6 28 -58 -8 -36 -16 14 -28 52 -62 14 74 -34 -2 -22 8 54 46 -8 20 -28 6 -74 -28 -22 10 -12 6 -56
98 20 -30 -8 -8 62 -32 32 -16 -30 -12 42 -20 -56 46 60 -34 -48 -24 54 10 18 52 -2 20 30 46 38 -18 -22 -48 -62 34 -30 -32 2 -30 -6 92 46 54 0 36 -6 -2 32 -6 40 28 6 40 26 -18 24 -6 50 -8 54 -32 -62
-68 -32 68 54 98 -24 -32 -98 16 -4 -46 76 80 108 6 -46 42 -24 -122 68 -30 42 66 52 100 50 40 114 28 98 -28 18 56 32 12 -8 78 -78 -98 76 16 -16 62 -2 86 64 -28 114 16 16 -84 26 -18 -50 20 -80 28 56 -42 74
-12 32 56 -114 82 -96 54 72 -60 12 68 -24 8 -94 26 -72 36 -42 48 -58 -68 -26 20 78 -42 22 -112 -12 -98 -72 -72 -118 4 26 46 -52 -120 82 -44 58 -100 48 -40 48 40 72 -16 2 2 0 10 -88 68 -128 36 62 -42 30 30 68
36 22 -50 -126 -44 -38 0 92 -56 64 32 -124 -8 -100 -96 80 8 -58 12 -16 -84 8 -64 78 118 -36 104 -44 -38 72 -56 -30 -38 82 8 -4 24 -44 -82 42 -108 4 24 0 4 -108 8 72 4 -36 24 -68 -38 -78 -26 54 -16 70 -90 118
18 84 70 48 18 -2 58 -34 -2 -28 54 -74 -46 62 -18 18 -126 -24 -46 -74 48 6 -60 -6 64 94 -52 16 -38 -104 62 8 -108 12 -10 -34 -80 84 -28 -44 -6 0 42 -54 124 -74 2 -36 26 -56 0 2 -16 4 -64 2 26 70 -36 -42
-64 12 -124 32 -50 -28 38 74 -6 -42 56 60 96 98 0 56 -60 32 28 12 -20 124 40 54 6 -16 -44 -72 -82 122 36 -54 50 -62 -68 -40 50 26 18 -84 -10 -26 -124 -112 -46 20 28 -32 92 -70 -92 70 42 52 -48 -80 8 -24 -86 38
-84 -18 54 -28 -88 56 74 -68 -22 70 26 104 -68 -64 -28 -42 22 76 26 20 -24 52 -70 -52 20 -38 -64 -46 90 -22 40 -10 24 28 52 64 -10 28 -74 -14 -64 -20 12 -86 22 4 -38 -126 20 -46 20 4 2 24 -54 62 34 -58 -66 68
-50 -96 -46 -40 30 -88 46 36 -4 -4 -70 44 10 66 68 -124 -28 46 -10 -40 34 28 -58 -54 -10 -40 62 34 -126 -60 16 110 112 62 44 2 0 48 110 -86 10 -8 -82 -60 -2 -92 8 -112 -2 -34 -46 -62 30 60 50 -30 40 -52 34 -48
-54 0 -14 10 -40 96 60 6 42 -40 66 -76 64 110 -54 -88 54 -24 80 -106 36 56 -100 -56 104 18 46 78 -12 -90 -44 34 18 70 12 -24 34 -36 -50 26 0 34 50 -32 -26 56 10 -118 -80 -10 -44 -32 52 116 6 28 60 26 -28 30
70 4 -36 -6 -122 40 -38 -124 28 -16 80 46 68 -72 28 8 48 62 -82 -78 70 84 -126 -10 78 -50 68 0 6 -92 38 50 -42 76 -50 16 -120 -30 -6 -64 -14 28 -42 46 -46 58 -8 34 0 -120 -56 86 -26 -20 82 -32 -82 24 88 54
84 18 66 -82 -68 16 -60 46 86 -14 -16 54 -36 -16 56 -70 2 62 28 -20 -30 -48 80 -36 18 -14 -48 2 -56 -22 -28 -32 -94 16 0 -74 -74 46 -20 -126 32 -10 -10 4 72 -16 62 -40 40 -26 -70 -14 -6 124 44 16 -10 18 -22 30
76 -32 -92 -10 -116 38 14 32 -12 -18 -6 16 22 34 18 -52 -46 48 -30 -70 -84 48 -126 -40 46 8 40 8 10 16 48 32 -62 20 -30 56 70 32 54 -84 -76 24 -128 -72 -8 6 -24 -58 -4 -30 -86 58 14 -72 44 -42 -36 30 54 -34
-14 -62 -36 6 36 56 6 6 26 46 56 56 50 -44 -56 -48 2 -76 -8 30 -22 -6 4 40 22 -88 62 -2 -40 -28 4 42 46 26 12 20 38 34 42 40 4 -10 10 16 -20 -10 30 86 -56 50 -44 -22 18 -48 20 -4 -26 32 12 20
-62 40 -48 -14 -24 -26 -20 -34 8 -24 -2 -66 -32 -14 6 -20 -30 -50 14 -14 -30 -8 -2 26 -18 -38 -28 -4 -60 -28 -26 34 -44 2 26 -24 -20 6 -124 -46 -62 -28 -26 -2 16 -36 -14 -10 -4 -28 -16 -44 -4 0 22 -36 -20 14 -24 22
-60 -20 -12 -20 2 -8 14 -26 -12 -28 -4 -40 36 -10 -28 -10 14 -28 26 -16 -14 -32 22 4 -14 20 -16 12 -20 -6 -18 16 -62 -22 -4 4 48 -4 66 14 0 -34 -4 24 2 -4 -12 -14 32 4 -108 8 -4 -38 32 -42 2 -12 -2 -26
-26 -14 18 10 28 -10 -4 8 -18 6 0 20 28 -46 -22 -26 -10 4 -12 -10 -6 -14 -2 -8 -16 24 32 8 -10 16 2 10 18 -4 -24 12 4 -32 112 44 4 8 30 44 -22 8 0 -48 -20 -2 -6 -12 -18 -30 -6 -14 -14 6 -6 -34
-36 0 -24 10 -8 -6 -16 8 16 -4 -10 -8 28 28 -66 0 -24 14 38 -8 -24 16 -14 -2 6 20 14 0 -4 -40 16 -6 -38 -18 -12 10 -50 -6 -30 -48 58 24 6 -4 4 -10 -6 2 -20 6 4 8 22 -8 0 -4 4 -24 -6 24
-30 -8 -22 14 -42 0 10 26 12 4 22 -62 16 18 -18 -20 -14 -48 18 4 2 8 -22 -4 18 -32 8 16 -24 24 32 8 -76 82 16 -20 40 0 30 36 10 -32 -32 -4 2 12 -16 16 36 28 -14 -2 12 -8 28 -8 4 -8 4 12
44 34 38 4 -20 -16 -20 4 20 18 -8 50 22 8 -6 6 12 10 -10 -36 36 -8 -4 14 20 10 -16 -12 8 -4 -12 0 18 -2 -2 -12 -12 -12 -8 -10 8 -2 12 2 -50 -12 -2 -26 20 -2 -12 -4 -4 -28 -32 12 24 18 10 0
-14 6 10 12 -12 -24 -10 0 18 -2 -14 -38 12 0 -6 -2 -6 10 -6 8 -26 16 10 -8 -2 -40 -22 4 6 32 -14 38 -14 -16 16 18 36 2 -14 26 -26 -14 18 -26 2 -6 6 8 -6 16 -4 -10 -10 -84 2 0 18 10 14 14
-80 18 14 -4 38 32 -22 32 -4 6 34 -18 14 18 -18 -4 -28 -8 6 -6 -4 -34 -8 -12 -28 -18 -28 18 -18 -30 10 24 -92 2 4 -16 -2 30 8 -14 40 8 -16 -6 0 -8 -18 22 14 -2 -18 -6 22 -16 0 46 4 -6 30 44
-20 6 -20 -18 32 0 30 -6 -2 -6 16 4 0 4 28 -4 -4 0 -8 0 -8 -2 30 42 10 -8 -2 6 -4 22 -6 8 10 -12 0 8 16 16 -126 -26 10 -18 -16 -34 6 -26 -6 -86 -14 6 -6 -10 -12 -32 10 4 -8 -10 -10 12
0 14 32 -34 16 -34 -4 18 16 10 0 -28 -12 10 20 12 12 32 -24 18 -12 -22 14 -4 2 -38 -14 10 6 -56 2 -12 6 -8 4 -18 -6 -20 8 -16 4 -20 -6 -16 12 -8 -20 26 12 -16 20 10 2 -12 -10 0 -12 10 -2 -4
-52 4 2 22 -18 18 -18 -6 -20 -12 8 -2 -6 -12 8 -16 -14 -2 -6 26 -18 40 -36 12 12 22 -8 -12 26 16 -4 6 -8 0 18 -18 24 20 70 2 -6 0 32 -64 10 2 4 18 10 14 4 -10 -12 10 6 -8 8 -24 10 14
80 -26 44 8 14 10 6 4 20 34 -6 34 50 50 12 52 20 42 42 16 20 12 22 0 -18 -8 -6 -12 56 6 14 10 6 0 32 32 2 10 2 56 10 28 48 34 48 40 26 22 -10 18 -18 -6 24 -10 -28 24 22 6 26 36
16 -20 -4 -22 6 -18 2 -8 8 20 6 48 48 20 -4 8 4 2 20 30 8 28 -18 0 6 26 2 -10 -8 -28 6 8 -46 -24 -8 0 4 2 120 46 -8 -2 4 0 -8 26 -12 2 20 -2 -54 22 16 10 0 0 30 2 0 -24
-6 22 -12 20 26 -16 -2 -14 0 28 8 8 -10 -4 4 72 10 -22 -8 -8 -26 12 0 -18 6 10 -24 6 32 -24 12 -10 -20 8 6 -4 18 10 -14 -2 2 10 -6 42 2 -26 -2 50 -22 26 -14 16 16 10 6 -12 4 16 -8 4
16 -34 -60 34 -34 22 -20 42 -32 -8 12 64 -8 -14 -16 -2 0 -32 -18 -10 -24 -10 -6 -2 -18 64 -18 40 -28 -14 -22 42 58 -8 48 -2 24 -22 122 -8 -94 -18 -82 -54 -18 -24 18 34 20 6 40 -8 8 0 28 18 -4 -4 46 -44
-50 0 -32 6 60 16 -2 6 -30 -6 -2 -46 -10 18 6 4 -8 -20 -4 -2 -24 -14 -10 -2 32 -14 6 16 18 -16 12 12 28 -8 24 10 50 12 98 -30 -20 12 -96 -28 -4 -4 0 -32 -18 10 12 -8 4 0 -10 -4 -6 6 14 -14
58 14 10 10 -28 -12 -2 -20 -14 -12 16 18 2 0 -4 18 0 -16 -10 8 4 -12 -30 -22 2 -10 0 -8 4 8 22 -6 -24 16 -14 -20 16 4 14 28 -2 12 -30 -16 8 14 -22 -12 18 2 -6 2 4 -36 26 -4 -6 -2 -6 10
-8 -10 -22 0 -16 -12 6 8 32 -18 2 -22 -20 -16 -12 16 -18 0 12 -4 -10 14 -12 28 -14 8 16 10 12 2 2 22 -18 -28 -16 -8 -20 -2 14 22 -22 -2 14 20 -14 2 -10 -4 -8 6 -22 -12 -10 -18 -14 34 14 -6 12 6
88 20 -20 -16 10 8 -10 -6 14 14 16 18 -46 -2 16 30 -4 -22 -30 4 -6 6 30 -10 -4 -6 -62 -18 -14 2 14 -24 -14 10 12 0 -24 -32 -4 -8 0 16 -18 6 -8 12 -26 12 -10 -8 28 -20 -8 2 2 30 -16 2 24 18
-4 28 10 -2 18 -10 30 -22 -22 6 10 -10 12 24 8 14 -18 4 16 14 2 -12 -12 2 -2 18 -10 28 -2 20 0 24 24 -2 0 -6 62 36 -128 -52 -10 28 12 74 -6 20 -4 -4 -12 -2 -86 2 -2 -12 2 10 -20 12 -6 34
-72 -2 34 8 10 -14 14 -22 8 -10 -8 -14 -2 16 8 -10 -4 42 4 6 16 -10 4 20 -2 -80 -38 28 0 34 -28 -16 -2 -2 12 20 -10 12 6 10 2 20 8 20 0 -22 4 30 24 10 -10 -22 2 8 -6 -16 0 12 8 -6
6 4 18 38 22 8 -12 20 -34 16 24 -30 -22 10 -22 42 10 14 16 -6 24 26 6 -10 50 32 42 -6 30 -2 6 18 -34 10 2 10 38 -2 20 2 36 -8 -12 -74 4 26 32 8 30 12 36 30 -2 -76 -14 26 -28 0 16 54
52 28 -22 14 -8 34 24 -12 -28 -4 28 -50 -36 32 28 -18 14 18 12 -14 2 8 -4 -12 -54 -20 -26 20 -14 -14 -28 18 -18 4 30 8 -8 -8 -6 -2 14 0 -14 2 -2 0 -24 -20 -2 -18 -18 10 34 72 -12 -2 2 -18 8 -30
60 -20 20 -2 10 28 12 12 18 -6 8 -42 -18 -6 16 48 -2 6 -16 -8 -18 0 -2 -38 -28 -12 18 -10 -36 -14 28 14 28 -10 -6 14 -8 -18 -40 -10 2 -4 14 6 -4 14 2 0 -6 -6 18 2 -42 -6 -10 -16 10 -12 -26 -8
64 10 8 22 -38 50 2 0 22 0 6 -16 0 -12 14 2 32 12 -4 -32 26 -6 -22 28 6 10 -4 2 14 -20 -6 22 10 0 6 14 2 0 88 24 34 34 -28 -28 38 34 6 -18 -6 -16 30 2 24 -18 -14 24 2 -28 52 18
-34 10 -12 -2 4 -2 18 14 22 8 24 -16 30 16 -2 -84 28 -20 0 38 34 -18 4 8 -18 6 8 8 -24 -2 16 -28 12 28 -8 -10 -6 -8 -6 6 10 2 8 12 -4 -18 20 6 -20 -14 4 14 -10 30 -2 -12 14 0 18 -2
44 26 20 -6 10 14 -22 8 4 -4 -20 -38 -30 -6 10 -12 0 -12 -12 -8 -6 16 -22 6 -10 4 -20 10 4 -4 -24 -16 -34 16 0 24 -22 22 110 -16 18 -6 -12 -28 -10 2 2 0 26 -18 24 -6 -8 -40 -14 -10 -32 12 -10 -20
-58 0 -22 12 4 -62 -10 40 -10 -8 -28 -18 -44 22 -76 -2 32 8 14 8 -36 26 -26 -8 2 20 30 -26 -52 44 14 8 26 -48 -56 0 -76 -20 108 -2 -72 10 16 40 -10 -14 26 -40 32 8 14 2 -20 -6 -34 -4 20 20 -16 -36
-46 32 -16 -8 40 14 -22 44 4 2 -22 -48 68 34 2 16 -8 -18 -46 -8 -30 -26 4 -14 -36 0 22 -6 8 8 -24 4 -4 -2 -12 -10 2 -12 82 -8 24 42 8 52 -12 -4 18 -24 36 4 -76 -18 2 -4 -10 -6 -36 2 2 -22
14 -8 -14 14 -12 22 -2 -6 18 0 -18 -20 -10 -30 32 -8 -6 -24 -12 -16 -42 -16 -2 18 8 6 36 -6 2 -16 0 -2 2 6 -24 -16 30 -36 50 -4 -14 10 -12 -6 4 52 2 -4 -16 -10 -6 36 -38 0 20 -22 2 8 2 10
-80 2 -26 -22 -20 -6 -12 -18 -12 8 -6 -40 16 -6 12 -20 -36 -30 28 -20 -24 0 20 -30 22 -10 22 4 12 24 -24 -4 4 -8 -14 -2 4 30 36 -22 -16 18 4 -34 32 14 2 12 12 0 2 -24 12 32 0 4 -6 -24 2 24
-36 18 -12 -18 -2 -26 -18 4 0 6 -24 -46 2 -12 -8 -10 -18 -26 -22 -18 -4 6 -20 -8 6 26 2 14 6 16 -48 -14 -4 2 -4 -14 0 -6 10 -12 22 12 0 2 -10 -28 -4 -8 14 -18 -6 -4 -8 12 14 20 8 2 -14 -22
46 14 24 -6 -6 22 -42 -24 -16 2 -22 52 20 18 -10 2 6 -8 2 -14 6 -4 12 46 18 -14 36 -22 14 10 -22 40 42 26 26 8 24 -38 -12 -22 -24 6 -4 24 8 20 2 0 -30 8 -2 18 22 14 6 10 -6 4 26 30
88 -8 40 48 -16 46 -8 10 14 44 14 32 28 28 14 34 -4 12 6 8 46 -26 -18 38 34 6 58 -24 34 14 28 36 14 2 44 -8 -8 -10 -22 28 -4 26 30 -4 20 38 -6 6 -2 2 -24 -4 2 -12 -16 16 -8 -14 14 0
-126 18 4 4 22 -24 6 16 -2 8 30 -30 -28 -42 4 -12 30 6 4 -22 6 2 36 28 -4 24 -2 4 -12 30 -30 -36 46 10 -6 -6 -6 22 56 -18 -42 -28 40 44 6 2 40 -56 12 22 8 -12 2 -10 -2 10 -12 4 8 -24
34 -18 -24 -2 4 -32 4 -14 -14 12 2 12 32 2 18 -22 -10 -2 0 4 -8 12 4 -2 4 6 -4 -2 4 -84 20 20 52 -16 10 -2 -8 0 30 -30 -18 -10 14 -26 -4 4 20 8 -4 -10 -40 2 8 40 -12 -10 2 -6 0 -38
-38 -32 -14 2 -6 -20 22 -4 24 -12 -2 -26 30 4 20 12 2 -16 4 0 2 -2 -10 -22 -6 -4 2 22 8 -2 10 16 -24 -4 12 0 -6 -8 -50 -8 16 20 -2 -2 0 -10 -2 28 8 -6 26 2 -6 -10 8 -6 28 2 2 12
26 -8 16 -6 -6 -4 -6 6 6 -10 -12 -52 0 -4 -10 -4 2 12 6 0 26 2 -2 30 -38 32 16 2 26 -10 2 12 -66 4 0 -8 -26 26 60 -6 12 -6 24 -14 -20 4 -12 6 4 20 -12 -14 -12 10 -2 6 10 8 10 -80
10 0 -10 -16 -36 28 -16 -18 -6 -12 -8 -72 12 12 30 -14 8 4 8 -14 -14 12 -24 -4 -8 -34 -8 -32 -40 -90 6 -8 -104 -4 -6 -20 -18 -2 -2 12 24 8 30 14 10 -12 4 8 6 12 20 10 -14 -28 6 -8 16 -34 -24 12
-30 -2 -20 4 -6 -12 -6 22 30 4 4 56 28 -32 -4 6 -20 0 -20 -12 -42 -6 4 18 -12 0 -2 4 -18 2 -4 30 52 -4 8 8 26 -20 -82 6 -20 -8 6 22 -6 14 40 -52 -6 10 34 -26 -2 20 14 4 10 -10 6 32
-48 -36 -20 0 0 14 -2 22 -10 -6 -4 6 6 -16 28 44 -24 -2 -8 6 2 10 0 -6 2 -6 0 14 46 10 18 26 -20 14 0 4 24 -2 20 18 -12 -18 6 -8 -16 -20 -4 -64 2 -4 0 4 4 -100 -26 -4 8 12 -14 -34
-62 -6 -42 -24 6 52 12 4 8 0 30 -14 -14 -8 20 0 -18 -32 -2 -20 -14 16 -20 -20 -4 -34 20 6 2 24 -2 24 16 2 0 -8 -22 10 54 -2 2 -16 -6 -24 -12 -12 4 -12 10 6 14 0 6 2 14 0 -14 -10 2 -24
8 -20 12 32 22 20 -10 28 -2 -8 14 18 0 -22 -10 -2 24 -4 14 -22 16 -16 -24 10 2 14 2 -2 -6 50 0 -20 -22 -8 0 2 -20 -8 -82 14 -16 -20 14 -62 20 4 6 -34 8 20 -12 26 12 6 30 -28 0 -8 24 36
-4 -18 -36 16 0 32 18 0 -6 -32 -14 -76 0 6 -12 26 -40 -22 -36 -18 8 24 12 12 -26 -16 30 2 14 -24 -8 14 14 4 12 12 2 -4 -30 -32 2 -16 4 8 2 -8 8 18 -4 -30 -2 -18 34 -10 12 12 8 4 -20 8
12 14 12 0 -18 -14 -2 -46 -12 4 26 12 16 -38 -26 -28 2 -6 30 8 -40 -34 30 -8 8 -32 2 42 52 -4 -20 8 -2 12 -18 10 -8 -4 -116 -78 -82 -14 66 -108 -4 -26 18 46 -18 24 -86 10 0 -12 28 32 6 -12 -8 30
-12 14 4 14 -6 -10 6 8 20 30 22 36 40 -4 12 -94 -2 22 24 10 -2 -4 10 6 18 20 -8 12 -12 -18 18 -2 26 10 -2 -18 2 -12 -12 0 -10 -10 -20 52 24 2 20 52 26 20 -26 10 28 52 -6 0 -48 2 62 10
-46 34 16 26 -4 10 16 16 -24 6 0 -48 0 8 -4 -28 -28 4 4 2 12 -2 18 -2 -6 -4 -8 18 -32 10 22 -10 -8 8 10 -10 -14 -4 -4 -14 -12 2 -18 -2 -22 -22 -22 -8 4 14 -2 -38 -24 8 -14 -24 -8 -16 4 -28
72 10 -10 0 -8 32 -12 24 -2 -8 -8 -6 10 -16 52 24 -24 6 12 -2 -16 4 -6 0 -20 -26 28 10 6 10 -18 -28 8 -4 2 8 12 14 16 4 22 12 4 12 -8 -8 14 14 -18 -20 14 0 2 10 8 -4 -20 18 -2 -6
60 -20 -6 -10 -18 44 4 -12 44 -32 34 34 16 -26 30 30 -6 10 -44 34 -28 26 -2 16 10 10 22 34 0 26 2 40 -2 32 -18 48 -28 -28 -20 18 -20 -6 14 -16 6 6 18 0 -10 6 8 6 -2 6 -12 -16 -2 -32 34 38
-6 2 -6 -18 4 -34 -10 -4 -34 -24 14 -42 -4 -2 -4 -12 10 -14 28 -4 10 24 -6 10 6 30 -14 -24 -14 -68 -2 -16 -10 0 4 -2 -44 40 36 4 -26 2 0 42 14 -14 -8 -32 16 6 0 -4 -12 -124 -8 0 6 22 -14 -4
-50 18 -12 -12 -6 10 20 -10 4 4 -26 -94 -36 -10 -18 14 18 -16 24 -26 4 6 -34 18 26 -18 16 2 -22 2 0 -16 -24 6 20 -6 -54 10 -2 -12 -24 -8 34 -22 -14 -26 -8 -10 -22 0 30 -16 26 12 8 22 16 24 -18 8
8 20 32 -6 2 0 -4 26 28 22 -6 34 8 -2 22 -28 -112 10 6 -14 2 -14 -14 -6 10 6 -6 -6 -4 -20 22 -16 0 14 6 6 -20 6 -24 30 14 18 16 -18 40 -12 -12 -18 10 8 8 -8 -20 -36 -8 8 28 12 -2 -16
36 2 -58 0 -6 0 12 18 2 -8 -14 46 8 10 -32 -2 -34 -8 4 8 -18 34 -4 18 26 -4 16 -2 -10 54 -12 0 44 -12 -14 2 14 6 -72 -10 12 12 -40 -86 -4 38 6 0 22 -38 -14 14 2 12 -30 -6 -16 -22 -14 46
-18 0 -14 -20 -28 62 54 16 -18 2 -12 0 -24 -28 -18 -22 8 -2 16 -20 -10 18 34 6 -16 8 -74 -8 34 8 4 52 20 -4 34 -2 -8 8 16 14 0 -28 -16 -52 14 6 -8 -118 62 -18 20 -30 -18 -36 -6 50 -30 -78 -22 60
36 -30 8 0 0 -2 12 20 -22 34 -8 46 -40 20 16 -42 16 24 -8 -6 2 -10 18 -10 20 26 44 -6 -26 -32 14 34 20 -22 -2 -46 20 32 34 -26 -56 4 -24 -36 -2 -14 -28 -2 16 -36 -8 -16 -12 16 20 14 -10 -28 -20 -28
22 -16 12 -6 10 32 -10 26 -4 10 20 24 20 22 12 -42 -8 -26 38 -22 -18 18 -30 -42 20 28 14 28 24 -20 -4 28 22 52 8 6 14 0 22 28 -2 4 -18 -44 14 36 20 -20 -20 22 0 -4 34 -14 -10 28 16 4 4 12
-34 2 -28 0 -84 0 -14 -34 2 0 8 2 -8 -10 6 0 8 -16 2 -14 40 26 -126 -2 14 2 0 -4 -4 -34 2 -14 -8 -12 4 -14 -28 18 -66 12 16 2 -10 -22 -12 4 8 34 -10 -34 6 10 -10 -6 24 -12 -2 8 20 0
122 10 36 -22 -38 -12 -20 4 26 16 20 -16 26 30 -4 16 -24 -6 18 14 -2 -46 -28 6 -8 4 -20 -6 -24 -42 4 6 -92 -18 -24 -32 -2 20 46 -12 -8 -20 -36 26 -24 6 -32 26 16 -4 28 8 32 -14 -10 -8 6 -8 0 20
10 18 -48 -28 -28 24 -16 32 14 -24 -6 -92 12 18 -8 -32 -30 -12 -14 -18 -32 10 -22 -12 -34 -12 12 18 14 -12 0 26 -16 4 -12 -4 14 -12 -26 6 -12 -8 -82 -74 34 8 -4 10 10 4 10 -14 16 -28 2 -12 -20 -14 -12 -8
-24 -20 -12 12 -18 16 4 0 14 -10 24 -10 0 18 2 -8 4 -22 -12 -24 14 -12 22 14 0 -48 4 -10 -12 -2 -8 24 14 -20 -12 -14 -4 -18 -12 26 12 -44 -4 -2 -2 -12 8 -4 -6 8 4 30 4 -20 0 0 -18 10 10 10
-12 -24 -54 4 -18 -40 2 -28 -32 -54 -38 -106 -74 -30 4 -22 -26 -18 -4 -10 -34 -22 -26 0 12 -6 -16 -10 -42 -46 -30 46 -44 -36 -4 -26 -26 12 -46 -18 -40 -28 -30 -32 -42 -20 -42 -54 -26 -10 14 -8 -14 22 -12 -54 -4 6 -28 -46
44 8 -24 0 4 -46 -6 -26 -12 0 4 -52 66 -20 -42 -38 2 -28 34 0 -14 -18 -24 6 8 4 -2 2 -18 -10 -8 -14 -30 10 14 -10 12 6 34 -40 -10 -46 -12 32 -10 -20 -34 -34 -26 2 -54 6 -8 -32 16 -32 -20 8 -10 -24
48 -14 18 -2 -12 20 10 -6 -26 -2 12 36 66 -54 -64 8 8 2 10 18 -4 12 20 -28 -16 6 16 14 26 30 -20 14 20 14 -26 -30 -30 -20 92 22 8 6 42 38 12 10 6 -16 -30 12 8 28 -6 26 -16 -28 10 18 -12 -6
-16 -20 2 -2 -14 -30 2 14 -10 66 -14 6 12 38 -26 8 -6 -22 -8 36 4 56 -12 2 -4 42 2 4 2 -80 -8 -26 38 -32 6 8 -58 6 6 -20 42 12 -14 -2 16 -26 16 8 -26 -4 0 -20 -26 42 4 0 -14 -14 -4 10
-84 16 -44 28 0 4 8 4 24 0 -4 -52 -28 46 -8 24 58 -46 20 -24 32 10 48 -2 24 36 12 8 -24 -2 16 10 -30 16 -12 -20 -100 40 -2 8 -28 2 -28 6 -2 16 -16 30 -6 28 -22 0 -8 -54 -30 22 0 -24 22 16
34 26 16 10 -6 -20 -14 -18 -2 -4 8 -14 -8 -14 -14 4 -10 34 -8 14 36 -6 -42 -2 24 -4 12 -10 14 40 -6 -20 34 -8 -18 -8 -34 6 -38 -10 -14 20 14 -30 -44 -12 8 -8 -22 -2 6 -8 4 -2 12 -4 16 4 -12 -20
-56 18 20 2 -4 -26 -18 12 8 -14 -4 16 36 18 10 -14 -6 -12 20 -18 14 -30 0 12 -8 18 -20 -4 6 8 -10 18 -18 -14 6 28 18 30 -22 8 -16 4 -2 -20 -6 20 -12 12 -20 26 -14 6 2 -50 8 4 20 20 30 40
-60 -14 22 16 36 36 -8 14 10 -36 30 -20 32 -10 -2 28 10 16 -22 -18 -4 -12 -14 -6 -26 -16 12 22 -4 -16 28 24 -90 14 -32 6 12 6 2 -22 60 -16 -26 -14 -42 2 -22 18 14 -2 -18 -6 10 -42 -14 40 24 22 20 38
-42 -10 -38 -36 14 16 36 4 -24 18 -4 -34 -12 -22 24 -28 4 8 -16 -12 28 0 10 6 8 -34 -24 18 -6 28 -8 22 -10 2 28 -4 6 18 -118 -26 16 -8 -6 -40 -10 -44 -4 -34 26 22 26 -2 -16 6 4 30 -2 6 28 10
10 12 76 -2 -4 -28 4 0 40 -2 12 -56 -12 26 18 -6 26 10 -8 -12 -34 -30 -28 -8 4 -8 0 -6 -4 -12 24 -8 10 -6 -18 8 30 -14 -44 -14 -2 -12 32 -8 -20 -32 12 -6 -10 -4 36 10 -20 -28 6 -24 -12 20 -2 -6
-20 8 16 12 4 16 -22 22 4 0 -16 -50 16 40 28 6 22 -12 4 10 4 2 12 -10 -18 0 40 10 -10 24 20 -2 12 8 0 12 26 -20 20 6 2 8 2 2 -26 2 -30 -8 -4 18 -2 -8 16 24 -18 -16 -6 14 24 0
-118 -12 34 68 14 72 20 14 46 -10 -10 22 6 50 34 42 16 58 38 2 46 22 28 10 34 26 -16 10 54 6 32 32 26 20 12 -8 46 4 -22 18 12 24 46 16 8 6 30 8 24 30 12 0 22 -32 40 42 30 -8 50 40
56 -6 24 -20 -2 -22 -14 16 -2 20 8 58 38 14 12 -12 10 -2 -8 6 -4 18 0 30 10 16 2 6 4 -34 0 20 -16 0 10 8 6 -12 102 4 -8 -6 14 22 -30 36 4 18 0 -16 -36 -12 -14 4 -4 20 38 30 -2 -4
4 8 8 -2 12 -12 6 -12 4 8 -40 -10 -8 -14 -4 36 12 -28 -30 10 8 18 0 14 -2 12 -48 10 0 -22 -28 2 -14 8 -12 -2 10 -24 30 40 4 4 6 -12 10 -16 -10 36 26 22 0 18 34 30 -10 2 -2 12 16 -10
-116 -12 -34 12 -32 22 -40 8 -38 34 40 12 -36 26 12 26 -10 -16 10 26 16 -8 16 12 -22 -26 16 16 6 -12 -44 22 46 -14 -2 -12 14 20 72 34 -52 -2 -10 32 -22 -10 18 52 4 40 -2 4 -4 -14 34 0 -22 -44 14 -26
6 -4 -26 36 12 48 -6 22 -2 8 -38 -12 -18 -24 4 28 -20 16 -12 4 -16 -10 -50 6 0 -30 24 12 -4 0 0 28 6 -8 18 26 62 14 98 -42 -18 12 -70 -52 -8 16 -4 -12 -8 2 -20 14 -8 52 -10 -30 -10 6 34 12
52 -6 14 -4 -10 -4 -14 -16 -26 -8 12 44 4 -8 -8 -10 -2 4 2 48 -12 -18 -2 -26 -4 -12 20 -2 20 10 6 -6 -20 10 -12 -24 14 -12 20 10 -14 8 -16 -10 14 14 -32 -20 16 2 -10 12 -8 10 34 8 6 -20 -12 14
-40 -12 -12 -12 0 -28 26 0 36 -46 18 -12 8 -6 24 -16 2 14 8 -4 16 18 22 -6 28 36 16 4 14 -4 0 -4 -28 -14 -4 20 -10 16 -14 -2 -2 -2 -12 -6 2 2 -10 22 -22 2 -20 0 -12 12 -32 12 -12 -18 12 -26
76 22 16 0 30 12 -16 -14 0 -4 14 30 -34 4 10 -4 0 -32 -4 -8 -26 16 6 8 -4 14 -52 10 8 -8 6 -20 -16 -16 10 20 12 -38 28 4 6 16 -18 28 6 2 -10 -14 -14 0 -4 -6 10 -30 14 28 2 4 4 6
-54 4 -2 -6 -8 -10 56 -36 -22 10 6 -16 -8 -4 8 0 2 -12 20 0 36 -16 -36 -22 16 14 -18 32 14 18 -22 24 10 4 -20 6 50 48 -124 -68 6 -4 -2 68 12 20 -2 0 -2 8 -56 16 20 -32 12 -2 -14 -20 -30 40
-34 10 12 10 16 8 12 -34 12 0 -24 -38 -20 24 -8 2 20 36 10 2 16 -34 20 6 20 -68 -16 18 6 12 -8 -14 -4 -6 -10 26 -8 14 10 -16 -2 16 -6 -6 0 -24 6 52 12 2 28 -34 22 -38 -28 8 -4 -12 -18 -26
-42 0 -14 16 4 26 12 16 -2 54 12 6 -24 24 0 8 8 24 22 32 -12 -18 16 -16 32 8 38 18 34 8 -2 24 -8 32 0 -18 16 -2 -44 4 22 -28 -4 -38 -18 38 20 -12 6 36 38 20 12 -30 -2 26 -14 22 32 24
-60 12 -62 18 -6 26 28 -10 -14 -16 26 -96 -54 -30 2 -38 34 -34 16 -4 -14 4 -18 -28 -52 8 -10 12 4 2 -14 -10 38 -10 -20 -12 14 -38 4 -40 22 -18 2 6 14 8 -10 28 20 -30 6 -14 10 20 -2 -6 2 -20 0 -26
18 18 16 -16 2 16 38 -30 18 16 22 68 4 14 2 36 8 34 -2 -14 4 -4 6 -20 22 -8 10 -6 -8 -10 0 2 50 6 20 4 -24 6 8 -6 12 0 6 -28 24 -2 -18 -20 -28 -6 18 4 -28 16 -16 0 -4 10 -16 2
-40 14 -8 6 12 16 18 34 18 6 6 -26 16 22 -2 -12 14 -6 18 -6 -2 16 0 -2 6 30 -14 -8 26 6 24 -8 34 16 -6 -40 -14 10 -2 4 14 -14 -8 -10 -4 14 16 -10 -8 26 10 44 12 -28 -4 32 2 14 22 -2
12 -34 -10 -16 10 -4 -12 -2 16 4 20 44 0 2 16 -38 24 -16 8 -2 4 -2 -26 -26 -36 -16 30 -8 -12 -2 8 -16 12 2 -2 6 6 46 -30 -20 24 -16 0 10 16 -20 16 -4 -30 -20 -4 -22 12 -32 8 -18 16 -10 -10 -6
58 -2 2 -22 -14 -14 4 8 8 20 -48 46 -14 20 -12 -20 -24 -20 6 0 -24 -2 -26 -24 14 22 0 -26 6 -30 16 -4 -28 0 -34 -28 16 28 82 14 -10 6 4 8 10 12 -12 -4 -8 -14 20 -6 0 -52 -10 -2 -32 16 -2 -2
78 2 14 18 10 -52 4 -6 -12 32 -6 32 32 -4 8 8 -4 34 -22 14 0 -18 -10 -66 -42 10 14 -24 2 8 54 -30 -2 -10 -14 -22 -42 -8 -84 -18 -16 -40 8 46 20 0 8 -18 -52 -20 -8 34 -10 2 -42 28 6 48 -8 24
-76 14 6 -14 -12 6 -20 4 -14 -2 -4 -10 32 8 -12 -8 12 16 -28 -16 -8 4 6 -20 -12 18 14 -8 -12 0 -46 8 -10 14 -6 -2 -12 -22 6 -24 28 0 -32 14 8 -8 6 2 10 -8 -28 -2 -12 -8 8 26 -14 4 14 -6
30 10 0 0 6 -2 4 -2 8 -24 4 -58 -8 -14 4 -12 -12 -12 -16 -6 -8 -10 -4 -4 2 18 16 6 -14 10 -4 -2 -10 4 -44 -4 10 0 -22 12 0 14 -28 16 12 44 6 -14 -18 18 16 14 -18 10 -16 14 30 28 10 16
-74 16 12 2 -18 -12 18 -26 10 0 10 -4 4 0 22 24 -12 -28 6 18 -30 16 28 -2 0 -4 14 18 -24 -12 -14 4 -20 -12 -22 -14 -20 14 68 -8 -74 -4 -4 -32 -24 -22 -8 24 14 50 -22 -10 6 -10 8 6 -10 14 12 8
-72 -10 22 -10 -8 -22 -36 10 -40 24 -26 -4 20 -14 -8 0 -22 -10 4 -38 -6 0 -4 -20 -18 16 2 -4 -12 12 -44 -8 2 -2 28 -20 -20 14 34 -40 14 -28 6 -6 6 8 22 6 20 -26 -18 4 -48 -6 28 12 0 -14 -28 -44
26 24 56 4 14 30 -34 -12 -14 2 -12 82 12 6 -12 -30 18 -6 10 16 44 -2 8 24 -18 8 8 -38 18 10 38 0 6 44 0 30 12 14 -26 22 30 24 18 -4 16 -12 0 0 18 0 8 -2 16 4 26 10 30 0 20 22
118 26 60 48 12 28 -8 16 20 58 -6 52 50 16 8 32 8 0 18 6 34 2 12 48 28 66 48 8 46 16 20 6 26 14 16 10 6 22 -62 38 0 -6 14 -4 28 52 24 26 -10 16 8 -4 8 28 -26 24 18 -2 8 52
-80 24 22 -8 -10 -12 -14 0 -8 20 22 -46 -16 2 8 38 -14 -16 12 -6 24 -36 28 38 28 20 2 -34 8 18 -8 2 40 -16 8 -8 0 2 18 -4 26 0 28 48 6 18 70 -6 -10 10 -8 -40 -4 0 -24 8 -14 16 -14 -4
-66 2 -46 -4 -14 -10 18 -22 -8 -20 -10 20 -42 -30 38 26 18 2 4 -10 2 -24 -10 -14 -2 -28 12 -10 10 -38 12 8 12 2 6 10 2 10 -2 2 2 0 22 -42 2 -10 -6 18 4 4 12 -4 0 4 -12 6 2 -18 6 6
-4 -8 -36 8 -14 -34 28 -8 20 10 8 -10 28 4 10 12 8 -44 6 20 20 -16 6 -22 -26 -8 0 -18 14 8 2 0 -14 26 6 30 38 6 -16 4 -4 36 28 16 6 -12 6 -20 -36 -22 -12 -10 -22 20 0 -40 2 16 22 14
-38 -16 26 -30 -12 -2 12 12 32 20 -14 46 24 14 20 -2 20 20 18 4 -24 -6 -14 0 -36 4 22 -18 42 2 6 10 -44 16 -20 0 -90 20 54 26 -10 -16 20 8 18 14 -6 16 -16 8 -10 2 6 2 14 -14 -4 -12 -14 -58
-20 -10 10 -26 -6 -6 -20 -12 -4 -16 10 -8 8 -2 -18 -6 2 -12 -6 2 -4 0 -28 -20 -4 -16 10 -16 -8 -20 -4 4 -38 2 12 -4 -20 0 -52 -16 -6 6 14 16 -34 8 30 4 14 -34 -14 16 -6 10 -2 10 16 8 -8 4
8 10 18 0 4 -2 -16 10 26 28 4 58 2 -12 -4 28 -46 -2 6 10 0 26 -22 28 8 14 -4 -6 2 18 16 28 32 12 10 2 2 -4 -84 46 14 22 12 16 -18 -10 40 -12 10 12 34 -14 32 -8 -10 24 -18 6 36 40
-62 -22 -54 -6 -6 12 12 24 -18 8 -8 -10 16 -36 30 4 -24 -2 -12 4 4 4 -8 14 -16 -24 -2 10 54 -14 -2 40 -16 -4 22 2 -8 0 4 -10 -16 12 6 16 4 -4 4 -40 6 -24 10 22 -14 -34 -6 18 6 4 20 -26
-50 -2 -6 -28 6 54 58 -2 -12 2 28 10 -4 10 34 8 16 -14 -18 0 -12 8 18 18 -34 -30 -14 32 -18 18 14 14 -4 -4 14 0 -20 -14 52 0 -32 -4 14 -26 -6 -12 -4 18 18 16 -6 -12 -8 20 16 -6 -6 12 24 -56
-16 -20 -14 24 10 16 -10 16 2 -8 12 -8 48 2 14 4 14 -32 4 -16 8 2 2 30 4 4 -10 2 -18 38 -18 0 -10 -10 8 8 42 0 -58 18 -12 -10 6 -36 0 2 -20 -42 14 20 -10 20 4 -14 12 -42 -20 -24 16 0
32 -24 -4 26 -2 10 6 38 -18 -44 -26 -24 -24 -30 -18 40 -4 -16 -28 -8 20 6 -4 0 -20 -20 26 12 14 -2 -12 14 -10 14 10 -6 20 -24 -34 -24 4 -10 -10 18 12 22 12 -6 -6 -20 -8 22 30 38 30 22 -10 4 20 20
6 -20 34 20 20 -54 -44 -36 -24 16 24 30 16 -14 -16 -16 -14 14 14 -18 -36 -40 52 10 -46 6 28 46 56 24 -26 6 18 28 14 -8 6 40 -112 -64 -96 -38 0 -88 -8 -40 38 10 -4 34 -70 28 8 52 -4 26 -26 0 38 50
-20 20 0 16 -4 -20 28 -18 4 28 0 62 2 8 0 -16 14 12 -4 4 10 12 -14 -8 14 24 12 14 -8 -8 14 4 18 24 16 -8 -26 -10 -60 -2 -4 0 32 34 12 8 30 6 12 36 2 4 18 30 -2 12 -28 12 22 22
4 14 0 2 -6 -8 18 -6 -16 10 6 -34 -24 -26 -6 -8 -6 -2 16 -6 -10 12 24 20 14 -8 -12 28 -8 -6 10 2 0 10 4 -30 -32 4 4 -2 -26 -8 6 -6 -12 16 -18 -16 10 -8 4 -58 2 16 -8 0 28 -34 -18 -10
-64 22 2 -4 10 34 -12 10 -10 -16 2 42 6 -18 20 22 -20 8 14 34 -6 16 8 -18 -16 2 14 28 -4 6 -34 -46 12 -8 -38 2 8 -2 30 8 34 4 -8 22 12 16 18 18 2 -6 0 2 12 -12 2 4 -10 18 2 -6
-12 -6 16 24 40 16 10 0 12 20 2 94 -2 2 12 14 30 26 -24 -2 40 16 -42 -8 52 6 28 22 38 -4 20 -12 -8 4 26 -14 4 8 -34 22 44 -8 32 -22 14 24 24 6 -44 4 24 22 14 36 -28 0 22 16 18 16
-82 -26 -22 -44 -28 -60 2 42 -22 -40 24 -10 2 6 6 -20 6 -6 26 -18 0 16 -4 -2 14 8 -18 -14 -30 -26 -30 -40 18 -10 -24 28 -30 -30 -8 -24 -62 -10 -2 8 -16 8 8 -6 4 4 -18 -30 6 -34 14 -24 16 -18 -6 -10
-92 0 -26 -22 8 18 -42 2 -18 -8 -8 -64 -14 -18 8 28 -16 -18 16 -6 -22 -2 -20 -24 -12 -52 10 -14 -34 -2 -14 -8 20 4 46 -6 20 -22 32 4 -6 -20 -6 -2 0 -20 -22 -20 16 -24 -20 -24 36 46 4 14 -8 -34 -30 -12
-24 -4 -12 8 4 -6 -8 16 -6 6 -10 26 -2 -2 10 -10 -44 -10 -16 -28 -2 -16 -4 8 -12 -2 -2 -8 18 8 16 -26 28 14 4 0 -46 -16 2 48 20 12 8 2 48 6 -10 6 2 22 6 -10 -4 12 4 8 24 6 -6 10
-16 10 -56 -20 -36 -24 4 36 2 -6 32 -6 14 28 -14 24 -64 12 28 8 -12 32 0 14 -2 14 8 -24 -16 30 14 -14 38 -6 -8 -24 -2 -12 -56 -44 44 12 -16 -64 -26 16 8 40 -4 -26 -26 -6 -14 18 -18 18 8 -8 -24 26
30 -14 20 -14 24 44 36 24 0 38 -32 -4 -30 -26 28 42 28 16 -16 -12 -40 24 30 -34 38 4 -16 -12 28 -10 -18 38 14 -10 -42 30 38 -24 28 10 0 2 -10 -86 -18 10 -12 -10 26 -2 36 -30 -16 18 -40 16 -28 -58 -34 56
44 -38 -4 -44 12 -38 8 32 -4 12 -40 40 -18 30 30 -68 -14 30 -18 -32 -28 30 -20 -12 12 -4 16 -4 -20 4 34 44 82 -6 0 -10 12 38 -18 -44 -86 -16 2 -40 -4 -44 -10 -24 6 -38 -38 -32 -24 -32 52 -6 -6 -28 30 -14
14 -30 -26 -2 -10 50 18 0 6 -6 24 -50 -26 34 20 14 24 -8 36 -20 46 50 4 -14 -2 10 26 8 40 -8 -20 22 -36 28 4 4 4 -2 -8 20 24 30 -4 -44 0 16 8 36 2 26 2 0 30 -38 -8 16 6 10 12 4
-58 -14 -32 -2 -38 -8 8 -16 4 2 14 14 16 8 -28 10 2 16 -4 16 22 26 -60 -8 28 4 22 -12 16 2 16 -12 -6 -4 -18 4 -8 -6 -16 10 8 -4 -2 -10 16 -24 -4 -2 -2 -34 20 26 -10 -6 -10 -8 -14 4 6 -20
126 20 40 -22 0 8 -12 12 22 -2 22 -22 16 -2 -24 10 -12 4 16 30 -26 -54 -66 -12 6 44 4 -20 4 -10 -12 -16 -108 -24 -10 12 -10 10 6 0 8 -16 -28 24 12 -8 -48 18 20 6 12 22 20 -34 10 18 -12 4 -2 44
18 -10 -60 12 -30 20 -24 32 6 2 -16 30 6 20 -12 -40 -6 2 6 -36 -40 -16 -28 6 -8 -8 10 4 12 -12 4 14 -46 22 -6 -14 -2 -10 16 -14 4 6 -52 -52 2 -6 -34 -12 2 -10 -6 12 8 -6 18 0 -18 8 -2 -32
86 -28 -10 -8 -36 14 4 2 18 14 36 -12 -6 0 -18 4 -16 -32 4 20 -10 -14 4 18 -24 -28 38 4 14 -44 28 6 -4 -12 -8 -46 -28 22 28 8 -10 -32 -30 -10 8 -22 -22 6 -18 2 -20 -12 16 -6 -16 8 -16 16 30 -2
-50 0 -28 -10 28 -26 14 -18 -12 -34 -32 -100 -40 -32 -22 -18 -32 -8 -10 -6 -2 -6 14 6 36 38 -16 -34 -22 -42 -4 -14 -20 -34 -14 -20 -34 4 -68 -20 -16 -42 -34 8 0 -24 -20 -16 -18 -30 14 -10 -22 16 -18 -48 8 -8 -22 -38
28 -14 -6 -2 20 -12 -4 -16 12 -14 4 -32 40 -52 -28 0 -6 2 12 -14 18 -12 2 -14 16 34 -10 30 -4 -18 -24 -16 -26 8 12 -12 -24 20 14 -18 32 -26 24 30 0 -2 -14 -2 -10 18 -24 16 -4 20 12 -14 -6 -22 -24 -34
10 2 10 0 6 -4 2 8 -14 12 -10 -20 22 -76 -6 -46 8 14 0 22 -6 -4 6 -16 -12 -4 22 34 8 8 -24 26 -4 4 -4 -18 -34 14 84 62 14 34 28 26 4 -30 -4 -22 -8 0 -12 4 14 24 6 -30 8 -8 8 2
-18 -22 -16 -6 -14 -44 4 16 -24 38 -18 -8 -12 8 -38 -6 -14 8 -8 42 40 52 0 22 0 -16 -2 10 -22 -72 2 14 14 -4 -2 -18 -40 -28 14 -18 20 22 -22 -8 -18 -20 -4 42 -32 14 4 -32 6 10 12 -8 -10 -12 24 -4
10 8 -14 -6 26 -10 2 -24 -38 -10 -30 48 -12 62 4 4 18 -8 -8 -24 44 12 14 -12 -4 24 16 -14 22 14 0 -4 -12 24 -22 2 -58 18 -52 40 -30 -20 -4 12 34 6 -50 28 22 10 14 12 24 2 -16 10 2 -14 10 26
4 -26 -20 2 -18 -14 22 -30 -36 4 4 2 -34 -14 -12 -26 -22 32 4 -10 8 24 18 16 -18 6 -38 8 26 -8 -22 -2 -8 4 10 -20 14 -6 -62 8 -22 2 -10 -26 -18 -6 -10 30 -8 -12 -6 4 -8 -12 4 18 -6 22 2 8
-48 22 14 20 -4 -20 -30 4 14 -12 -18 -60 -4 -6 6 -12 0 12 4 2 8 -4 -2 -8 6 24 22 0 20 -2 -24 14 14 -32 26 -10 8 12 22 20 -32 -16 2 -44 -10 16 -2 22 -46 18 2 0 0 -10 18 0 8 14 18 10
-44 -30 -38 -18 -28 24 -20 -18 40 -26 2 4 28 -6 -22 6 12 -4 -38 0 10 16 -14 34 -26 -8 10 -14 -8 28 10 36 -24 -4 -42 32 -6 -10 6 56 40 4 30 8 -10 -12 -26 8 -22 -10 -6 14 -4 22 6 -4 20 2 -2 16
-34 -4 10 -36 20 24 14 0 -8 24 34 -10 -12 -16 -4 2 44 -18 -2 -8 -8 16 18 18 28 4 0 -10 20 40 -14 6 14 -22 14 -12 30 26 -32 8 -12 -38 -18 -36 -28 -26 -8 -10 18 16 -18 12 -12 10 12 34 8 16 22 -8
0 8 40 -12 -22 -22 -10 -28 30 12 -14 -10 -40 14 -2 10 12 32 -20 -4 -36 -26 -16 -10 -10 -10 -2 -14 -16 22 12 -44 14 -22 -16 2 -4 -42 -20 -18 16 -32 -2 6 -8 -34 2 -6 -12 -22 8 -4 -12 -38 8 2 -10 2 20 0
-44 12 -4 12 -22 14 18 12 -22 4 4 -36 32 -10 32 -22 40 4 -10 -12 -12 2 -38 8 -12 44 8 16 24 -8 20 10 -2 28 20 -8 8 18 -10 -12 24 16 14 26 18 20 16 -20 0 14 14 -26 16 -24 0 -22 24 16 22 18
4 -12 42 36 0 32 -18 4 30 20 16 54 24 54 34 48 2 40 16 30 30 0 16 14 12 34 16 -18 40 62 8 6 10 0 12 48 30 -24 0 14 12 14 4 -18 -14 0 -10 40 34 8 12 14 -4 -22 2 -6 16 24 42 44
16 -8 22 -10 6 16 4 10 -12 2 38 -18 10 10 4 2 6 0 -10 12 8 8 -8 12 0 6 4 -20 16 10 -12 22 -8 -6 24 28 -8 -2 70 6 -6 -16 22 24 -4 26 -24 -6 28 2 6 -20 4 -16 4 -6 16 26 -4 2
20 16 -10 -2 -20 -6 40 -24 8 26 -4 12 26 26 -18 -26 6 -16 0 -4 -26 -30 -36 -20 34 -2 -40 10 6 0 -12 6 20 6 2 4 -16 -24 42 4 -2 4 14 -16 14 -8 -28 -2 58 36 12 -4 20 -8 6 -12 2 26 26 -8
-98 -8 -52 -8 -8 56 -34 10 -8 -14 54 8 8 58 -10 30 6 8 10 -6 -28 -8 16 34 14 12 16 4 10 -10 4 8 44 32 -30 -48 -44 36 6 24 -36 -14 10 78 8 -6 50 12 10 4 10 6 -36 -78 26 24 6 -10 40 -2
6 -4 -30 4 14 18 10 26 0 -30 -4 -8 20 12 20 -20 -14 16 4 0 -4 2 -16 10 30 -54 28 34 -20 -6 24 14 32 14 4 6 50 6 98 -26 -36 32 -56 -22 18 6 -20 28 -22 -4 40 -2 12 28 -8 -18 2 -6 18 -4
40 12 -6 -16 -24 -20 -4 2 -30 -10 -14 4 6 10 -10 0 -8 20 8 26 0 -8 -16 2 -14 8 24 4 -2 16 4 -2 -30 2 -36 14 32 -28 -36 30 -12 -6 -16 10 24 -4 24 -6 18 -10 -2 14 4 -14 44 0 2 -2 -20 -12
-36 14 -26 -18 -8 -24 14 6 24 -60 2 -22 0 -12 12 -18 -4 10 -4 -10 22 6 6 18 2 22 12 -14 24 8 -18 30 22 -6 40 0 -8 8 16 26 -24 2 -32 2 22 8 -52 0 -14 28 -6 12 -20 -2 10 8 4 -6 28 4
96 -10 -4 -6 14 14 -10 -16 4 4 8 98 -24 0 10 28 -4 -18 -6 -12 -24 -16 8 10 -2 20 -28 -4 22 24 -8 -26 -20 2 -8 2 -24 -52 -2 -8 -2 0 -12 4 2 2 -26 14 -20 4 26 -16 6 36 28 30 -10 -2 0 12
-8 4 16 2 4 0 36 -12 -20 6 16 16 0 -4 -16 14 -6 -4 2 0 30 -20 -16 -30 4 8 0 -2 24 30 -6 4 26 10 16 -16 20 36 -56 -66 -28 0 0 44 -14 20 2 -4 10 -10 -36 14 6 -16 0 4 -24 -4 -34 16
-108 22 -22 -14 28 -12 14 -36 12 -8 -20 -26 -10 22 14 -22 10 34 -4 -2 32 -34 30 -22 12 -116 -26 0 -4 14 -20 -36 -20 0 -4 -16 4 0 32 -16 6 28 -4 10 2 -14 -10 34 4 4 20 -14 -8 -24 -8 -12 -14 10 -22 -30
-38 18 50 16 -12 32 -6 2 14 10 54 -10 -8 28 -30 14 2 8 22 20 6 28 -2 16 6 28 54 -26 24 28 -48 22 -22 -6 -2 38 4 6 4 18 4 22 -20 -24 22 32 24 28 50 -6 4 10 18 -26 -2 -32 -2 -2 -6 28
-126 36 -48 0 16 36 0 -8 2 -2 30 -62 -10 -28 0 -30 32 0 32 2 -56 26 6 8 -28 -44 -28 30 20 10 -50 18 46 2 -20 8 -38 -10 14 6 6 14 22 14 28 -14 24 12 6 -8 8 12 -6 -46 12 -22 28 -26 -8 -16
-10 6 8 6 20 6 8 -20 -12 4 6 -16 2 -2 10 20 -14 -4 2 12 2 -2 -10 -4 -2 -18 10 -16 -8 -14 18 -12 38 -8 -14 8 0 -24 -36 -2 -18 -16 -16 -38 -10 10 -22 -32 -8 0 10 6 -2 18 18 6 10 18 12 2
42 -2 8 18 -36 12 -2 8 8 4 12 20 -24 28 -20 20 -6 6 26 12 6 8 0 30 -18 -34 16 8 10 -2 2 14 12 24 14 16 16 12 -14 -16 12 28 -8 26 -2 18 4 6 -16 -4 0 2 0 -46 -4 26 30 -12 32 22
-12 -28 -50 -16 10 20 -34 -30 12 -18 -14 -30 -22 -4 -10 12 14 -18 -20 -20 -12 36 0 -34 -46 -30 -18 -20 -4 8 -10 40 4 14 14 0 10 16 52 -6 4 8 8 16 -6 -28 -6 -6 2 -6 20 10 22 -32 4 4 6 -24 -4 -32
40 8 24 -6 -6 -26 0 -6 2 -6 -38 -22 -24 6 0 -2 -22 -8 -24 18 0 10 -28 8 -2 -12 -20 22 -10 -38 8 -12 -48 10 -32 -10 24 22 54 14 -4 -2 -2 16 -12 12 -4 -38 -8 -18 22 -36 -4 10 -24 -10 -40 0 -2 -22
64 -34 -56 -36 -18 24 -18 30 -30 -46 -38 -70 6 -12 10 -34 -10 -8 -16 -8 -18 -44 -36 4 -22 0 -28 -14 8 -16 30 28 -42 -22 20 12 38 10 -40 -38 0 -28 -2 -68 28 -2 -34 -12 54 6 -30 62 -26 -54 10 22 22 16 -28 -22
-22 4 2 4 -50 -18 2 -12 -20 6 -14 -48 2 -10 -2 6 18 -16 18 -22 -10 30 -14 24 18 6 0 -36 -22 12 -36 -16 2 -12 -8 -20 -14 -10 -22 -20 12 20 -10 -30 -6 -24 16 16 -4 -20 10 -10 -20 -24 -14 -6 -14 -34 -20 -14
-18 -10 16 -10 10 2 24 -10 0 14 -12 -36 12 -4 2 -32 -6 4 2 -2 10 -2 4 -16 6 14 16 4 22 14 -18 -32 -28 4 -4 -16 30 24 -28 0 0 36 -10 28 -6 12 4 42 -10 -12 24 4 -20 10 6 2 22 8 -10 -18
-70 12 6 -6 -22 -8 10 -32 4 8 -2 -22 8 2 -18 26 14 -28 -6 38 -4 14 10 -2 12 -12 24 32 -12 -8 -18 0 -22 -28 0 -8 -28 -12 18 -2 -94 12 -8 54 -8 12 -18 6 12 6 -8 2 14 14 28 -10 2 0 16 -6
-78 -18 4 10 2 -34 8 0 -48 8 -8 -38 10 -8 -18 4 -12 6 4 -34 34 4 16 -20 24 -20 -28 -14 4 18 -18 -14 4 -4 48 -44 -24 10 -46 -24 28 -16 12 12 -4 14 -16 -28 6 -24 -22 -10 -70 -54 6 8 0 -42 -32 -40
34 14 32 12 10 26 10 16 8 -12 16 32 28 12 10 8 14 -18 -2 22 26 -20 -16 28 -38 16 22 -44 8 22 36 12 10 -8 12 36 -26 14 -18 -6 -4 8 8 2 22 10 -34 32 -16 0 -4 -6 14 -26 2 -24 6 12 6 38
90 0 78 44 4 16 -12 20 24 24 6 84 28 50 2 28 -6 28 44 40 70 18 24 44 10 16 48 44 24 14 30 6 34 28 10 -6 34 -4 32 18 26 12 8 16 12 48 -16 42 4 -12 4 32 0 16 18 44 22 2 30 36
14 -6 -30 -2 8 4 26 -14 16 4 0 -88 -10 -16 18 12 -26 -36 -10 -22 16 -36 16 30 6 -22 -30 -30 0 -12 -18 -60 6 12 14 -14 12 24 -38 -22 4 -6 -4 78 0 24 42 26 4 16 10 -20 -4 -14 -24 -24 16 2 -18 -12
-46 -18 -36 20 -6 -20 -12 2 2 -10 -2 12 -24 -12 48 2 4 -10 2 -22 -8 -2 18 -22 8 18 6 10 -2 -2 6 28 8 -12 -12 4 -20 4 -34 -20 -6 0 0 -26 6 -16 -4 20 -16 4 -2 14 8 -30 16 14 -6 -8 8 -2
-40 -34 -24 18 -8 -14 -18 8 0 -4 -6 -8 -6 -18 4 20 4 -42 -4 10 -16 22 8 -12 -22 -14 30 4 20 10 4 12 -10 30 16 -10 -2 -2 -6 28 0 20 0 -12 -4 -24 6 24 -10 0 24 8 -2 26 12 -38 14 28 18 20
92 0 40 -28 4 -42 26 8 8 20 0 36 6 -16 -28 20 -6 14 16 8 -16 0 20 12 -46 22 14 -16 32 34 26 24 -20 20 -6 -24 -52 20 -18 38 -20 2 -16 4 8 -8 -18 30 -22 -18 -16 -18 6 -20 18 -34 -24 -38 -14 -70
-68 -2 -20 6 4 -8 -4 -34 2 -36 -20 0 6 -8 24 10 4 -2 14 16 -30 -4 0 -8 16 -48 12 -18 -18 28 -12 4 -26 6 46 -16 0 20 24 6 28 -8 16 8 4 30 38 -8 -4 -2 -14 4 -12 -12 -2 2 -8 -2 -18 -2
24 20 16 2 -20 0 -22 24 18 16 50 34 18 -12 24 18 -58 -8 16 32 20 28 -20 24 0 -10 16 4 -6 -20 36 16 60 -12 -12 18 0 -10 -66 2 4 22 10 -18 -6 16 24 32 0 20 24 -36 36 -10 -4 2 4 -2 36 20
40 -16 4 -30 16 -8 4 24 -18 6 14 -36 8 4 38 -30 -8 -14 -2 -12 -10 4 -4 18 -6 2 12 -8 26 -16 -24 20 -4 -8 -4 0 -14 24 -18 8 2 8 0 -10 10 -4 0 -28 4 2 -32 20 -16 -46 -8 -4 10 16 2 2
-8 0 6 -12 -4 28 16 -4 -30 18 20 18 4 -10 6 -14 -24 -18 2 -8 -12 -22 -8 -8 16 0 -18 14 -14 6 2 4 0 -16 -8 -16 -6 -2 20 10 0 14 -20 18 -22 -2 -24 2 6 18 -16 -8 16 -20 12 -10 10 -8 6 -16
14 -22 -8 -6 -14 34 18 20 24 4 14 8 40 -26 -12 -4 0 0 -12 2 -12 -14 12 10 -2 0 14 -10 -42 4 -18 40 -8 -6 16 2 2 -10 -12 38 -14 -2 0 0 -16 12 -26 -24 12 4 -20 2 -12 0 18 -36 -18 -22 20 -22
8 0 -12 6 -4 -24 6 18 -6 -24 -8 78 4 14 -18 6 -14 -20 4 8 8 -28 22 -12 -30 -20 20 16 -10 -6 42 -6 -12 -6 2 4 -6 -8 -4 -34 22 -32 -4 20 -8 12 14 8 10 -2 -8 -22 10 10 10 24 -18 -34 -16 12
-42 -24 56 -10 8 0 -18 -28 -32 22 6 52 36 18 -22 -8 -42 38 14 -28 0 -46 46 20 0 28 12 44 22 -18 -12 30 12 22 -20 -24 6 -12 -84 -40 -28 -18 -20 -20 2 -30 34 -60 28 42 -66 16 -14 18 -8 -22 -46 -2 38 46
24 18 16 30 -22 0 12 10 0 10 0 -10 22 -10 -16 10 12 8 -12 8 6 -18 -6 -6 2 2 26 16 4 -22 8 2 52 4 16 12 -14 4 -22 0 -34 -6 24 48 -10 26 28 0 -24 32 -44 24 8 2 12 24 -14 10 30 12
-58 28 16 16 12 -10 2 4 -52 28 -26 -20 20 -14 -6 -8 18 12 -14 -26 4 -6 -6 -10 -10 24 -16 12 -8 -10 12 -16 24 0 4 -20 -22 0 -8 -10 10 20 20 18 8 14 10 -30 2 -4 -2 -24 -14 42 -12 -36 10 0 -16 -38
-62 8 -22 30 -30 4 22 -12 -6 -6 0 -18 16 -4 24 -8 -16 12 16 6 -10 2 -28 -8 18 34 -8 16 0 -16 -24 2 6 -18 -24 -6 -14 2 14 2 8 -4 -12 6 2 6 -6 20 -12 -18 22 34 2 12 12 -10 12 10 2 2
-24 30 -26 18 2 38 0 14 10 22 4 16 6 -2 16 0 14 -6 2 30 4 2 -14 -2 -6 -4 8 -8 0 -10 16 -30 0 8 -6 -2 10 -22 10 -6 14 4 8 -26 -14 26 14 -10 0 -8 -2 10 12 12 -12 -2 20 8 -12 4
-62 -2 10 -6 34 -58 14 26 -24 -26 22 -22 16 -22 0 10 6 22 -6 -30 6 -2 -2 -20 8 -28 -10 -6 -8 -34 -18 -52 34 -26 -24 6 16 10 0 18 -48 6 2 -10 0 -4 14 -18 -20 -10 -8 -32 28 -2 4 -10 -10 -8 -16 -2
-32 -18 -4 24 6 -22 4 2 -16 -12 -14 -32 8 16 2 -20 -10 -14 28 -28 -22 -22 22 -20 30 -2 -18 -20 -6 -8 16 -14 50 -16 -10 -30 0 16 -6 2 24 16 0 -8 2 22 -12 -8 14 -14 -34 6 -4 -4 -4 -24 0 -8 24 16
18 0 12 10 8 8 8 -2 12 22 16 16 12 14 6 -8 -12 -10 -26 -48 6 -6 24 4 -4 56 -26 6 -22 20 8 -26 2 4 -14 2 -48 -14 -10 12 -8 -12 -14 2 42 -34 18 2 2 -4 6 -4 0 10 -2 16 20 26 0 -2
30 10 -18 -2 0 -12 -10 8 -18 0 12 16 10 54 -34 42 -26 2 22 12 10 10 10 12 18 -20 18 -8 -20 12 12 0 -14 2 22 8 4 0 -46 -6 28 16 -4 -8 -20 18 -8 28 -14 -24 -24 0 -2 -16 -28 18 -10 4 -2 8
-72 20 0 -18 16 38 44 44 0 38 -38 14 -10 -18 -4 14 16 -2 -36 -22 -32 20 14 -22 14 -2 -40 -10 12 -12 -14 8 30 -4 -34 2 -22 -22 8 -54 6 10 -24 52 14 -26 36 -12 28 -14 50 -28 -8 24 -32 -36 4 -46 -36 48
30 -50 24 -28 34 -36 -18 44 -4 -56 -20 76 4 4 -8 -30 -14 -2 -10 -2 -18 42 -12 -22 -10 -20 24 -2 34 26 -20 46 48 -24 32 26 -6 8 -10 -54 -68 -28 32 -18 -4 -62 16 28 -54 -54 -22 -36 -2 -36 62 30 22 -18 40 -42
-8 32 -16 8 -2 16 8 -6 -12 10 14 -2 -12 16 20 12 -18 -12 10 -2 -6 28 16 10 -8 64 6 8 20 -4 -40 -26 -44 28 -38 42 12 -4 24 36 0 4 -40 -36 12 12 14 10 22 6 20 0 4 -22 2 14 28 -2 -20 12
90 -2 -16 -4 -28 -8 -16 4 12 -12 26 -22 18 16 -14 16 -8 -4 6 24 -2 2 -26 -2 14 -30 46 22 18 38 36 6 4 -4 -4 -2 36 -10 -46 10 -10 -4 -12 -22 -16 -28 4 -16 6 6 -10 14 -2 -18 -6 0 -12 -4 16 6
88 16 32 4 -22 24 -10 -14 16 -22 -14 0 12 2 -24 -4 12 22 12 18 -36 -44 -54 -2 -6 8 -18 8 2 12 24 -4 -108 -18 22 -18 -22 -6 -20 -38 -2 -28 6 30 -14 36 -12 10 -14 10 4 20 -12 30 30 40 4 -22 -38 20
-6 -6 -42 -16 6 4 -14 30 22 -20 0 -84 -12 42 -2 6 -14 -28 10 10 -20 -6 0 16 -36 20 24 6 2 -2 22 2 -42 -4 10 -22 -8 -24 10 -4 2 10 -40 -6 2 -4 -26 -28 -24 -6 12 10 -12 -20 2 20 -2 -22 -36 -6
60 -12 -24 -18 -18 20 -2 4 12 20 30 32 2 26 -16 -28 -22 -28 -20 22 -12 -4 2 16 -18 -48 28 -14 42 -22 8 14 -24 20 24 -30 -10 22 10 52 16 -16 -12 6 16 -28 -22 22 -22 10 10 8 -4 4 4 -12 4 30 28 22
-122 -4 -34 -2 -14 -20 -10 -16 14 -38 -34 -122 -46 -22 4 -56 -22 -54 -2 -36 -14 -8 32 10 20 -34 -32 2 -8 -22 -14 10 -14 -4 -10 -34 -62 -2 -54 -20 0 -36 -8 -8 -30 -20 8 50 24 -48 16 -54 -34 -52 12 -26 4 -16 0 -36
-76 6 -22 -20 -12 -40 -14 -34 -8 -30 0 -40 28 -30 -40 -6 -4 -24 10 -10 32 10 10 4 -4 26 -6 38 0 12 -20 -16 0 -14 -34 -8 -20 6 14 -34 12 -22 -4 10 -18 4 50 20 12 -26 -14 -20 -6 22 2 -22 -14 -30 -4 -44
2 -10 50 -8 12 10 -16 6 -6 -20 -10 -42 32 -58 -16 -34 -6 -10 -16 14 -36 -8 22 0 -4 24 -8 22 20 4 -44 18 -8 -2 -24 14 -20 0 100 8 6 -14 8 -12 8 -24 -18 6 4 -6 -12 8 6 8 6 -4 18 4 -4 -4
40 2 24 8 2 -6 -18 30 4 32 -18 -38 -6 20 -24 -4 14 -2 -14 34 48 12 -2 0 -30 40 -16 32 14 -52 10 -10 26 -26 -4 -14 42 -12 -4 -16 8 6 -34 -56 8 -38 30 26 -38 -2 -24 -12 12 12 -4 -34 -46 -16 8 30
46 -20 -30 8 4 8 -10 -12 -6 -4 22 -64 -14 60 -52 10 -30 -20 -22 -20 48 4 12 -6 -12 -16 18 18 18 22 6 20 -50 34 -4 16 36 -10 -52 -26 -28 -10 4 18 -8 14 12 8 10 -6 -18 10 -4 0 2 10 -46 -32 20 42
24 -8 8 10 -4 22 8 -18 -22 12 -14 28 8 2 34 2 -10 -38 4 -6 -4 -18 42 -2 18 22 4 -12 -2 24 6 -12 -4 4 18 8 4 -2 70 -12 -14 -22 -12 -26 -52 14 2 32 38 12 -18 40 -4 6 24 0 -2 -12 10 -16
-14 48 2 36 14 -54 -16 -22 -12 30 8 38 36 12 18 -32 -6 20 0 -6 4 12 14 -30 4 -6 36 -2 -20 -16 -14 42 4 -14 26 -28 -4 8 -14 40 -8 -10 -10 -44 4 30 18 16 0 6 -22 -2 24 8 10 -42 24 0 2 22
-124 -20 -2 56 2 -6 -12 -18 14 26 26 -42 8 -32 -24 4 32 -30 6 8 -14 32 -4 20 4 0 24 -2 -28 28 52 6 -16 -6 2 -26 -22 8 -30 30 18 4 22 -6 -10 28 4 2 -20 6 34 24 -30 30 -16 42 18 -12 46 -2
-32 -6 -4 -40 22 -4 24 -20 -22 0 26 -16 -8 -20 6 -24 38 34 -16 4 10 16 -20 22 22 -20 -50 -14 14 26 -2 44 24 -36 -12 -12 -2 -8 -54 4 -8 -28 -14 6 -22 -48 -22 -10 0 14 22 6 -4 -28 48 6 -12 0 28 -22
-46 -2 38 -4 -2 -18 4 -8 20 -8 4 24 -18 8 -8 6 16 16 -42 -10 -46 -32 -26 -2 -2 -24 8 -16 -22 40 6 -44 50 -10 10 8 38 -26 -58 2 -4 -8 32 2 -4 -26 -2 -50 -32 4 -6 -10 -4 -30 -2 -22 -14 20 0 6
-8 38 14 -6 -2 4 24 22 12 10 2 26 12 2 40 -8 20 -4 -6 36 20 0 -4 6 -4 -24 14 0 12 22 -2 16 2 8 20 -12 -2 -12 -4 28 24 26 28 -22 -2 -4 8 12 8 4 36 -2 20 36 -26 24 -2 -4 14 0
88 -2 22 18 0 28 -22 18 50 4 -20 2 28 38 -6 50 8 38 38 -2 4 6 -26 18 -22 8 8 -36 40 40 12 -4 4 14 -22 34 58 0 2 32 16 -14 -4 -24 36 2 4 16 36 24 12 36 6 4 20 14 4 32 20 44
4 -2 36 -4 36 -8 -10 28 -6 2 16 10 30 0 38 2 0 -12 -8 -4 2 12 12 8 -4 0 24 2 16 -6 -4 -6 -6 -6 -14 24 10 18 46 10 0 -26 34 50 -18 38 0 -22 18 4 -36 -6 6 6 2 2 14 10 -12 22
-24 -22 -10 20 -2 -10 4 18 10 12 -6 -8 10 10 -20 -4 2 12 0 -18 0 -4 0 22 24 4 -28 20 -4 20 26 26 42 26 26 -12 -16 -16 -18 40 2 12 8 4 -32 24 -8 -24 52 58 8 26 4 -12 -12 -16 -4 8 -12 -6
-24 -28 28 28 10 56 -40 -10 -4 4 56 -46 4 70 -50 20 -16 0 38 14 -10 -10 12 26 4 -10 18 6 8 56 -34 -8 2 36 -20 -46 -8 48 -52 -10 2 18 24 16 -2 16 56 -24 32 26 16 -10 -24 24 0 22 8 -70 24 2
-86 -26 -38 34 16 26 -4 22 -16 -8 -16 -10 6 24 14 6 -12 38 -2 12 10 34 -22 14 12 -14 26 6 -46 -4 12 38 -38 14 28 10 28 8 42 -18 -30 36 -48 -30 12 0 14 20 0 -2 16 -10 -6 6 -20 16 10 -20 -6 -2
-22 14 -4 -38 -2 -14 -20 -8 -22 -24 6 2 2 -10 20 4 -24 28 -16 36 -6 -22 4 -2 18 12 16 -8 10 0 26 14 -18 6 -68 2 10 -16 -20 2 0 -30 -40 30 8 -22 44 0 22 -8 -2 4 0 -26 44 14 20 -8 -12 8
12 -6 -4 2 20 -8 20 -4 50 -60 24 6 8 -2 26 -20 -22 -6 8 2 46 18 -16 4 -14 2 36 32 6 -8 2 2 6 2 0 -14 10 -14 22 32 -6 26 -18 6 26 -4 -6 -22 -34 38 4 28 -4 -14 -10 26 -22 -18 20 6
76 -4 -30 14 26 -26 -16 -4 -20 -4 -2 12 -10 26 8 18 16 2 -4 -4 -14 2 -12 14 -22 -14 -20 24 4 16 26 2 -40 10 -6 14 -24 -36 -50 -22 -22 -4 10 14 -20 22 -4 -24 -28 12 28 14 0 -2 0 24 -8 0 -2 6
-20 14 -4 24 -14 -14 8 -18 12 14 14 -20 6 32 10 14 0 2 10 -8 38 -16 -28 -10 -16 -4 2 22 10 -8 -10 22 -18 24 -4 6 4 22 -36 -58 -4 4 30 18 -4 14 -28 10 -14 -10 -42 -2 0 -28 -16 10 -26 -2 -4 12
-70 4 0 -8 20 -2 16 -40 0 -2 -8 -48 -4 6 8 -12 48 26 20 -10 24 -22 18 -2 36 -94 -6 24 24 30 -4 -22 -10 10 18 14 -8 16 -2 14 2 4 20 -8 28 -30 6 6 20 20 6 -2 -16 -18 -16 -40 -2 12 0 -26
22 20 26 24 36 36 -6 -32 6 36 16 -18 -16 24 -16 4 46 -22 6 28 22 2 -8 -6 4 6 40 -20 38 8 -16 -22 -22 26 4 -10 -30 22 26 -14 38 14 30 -4 14 16 8 14 28 -2 32 6 10 54 8 16 2 -4 6 8
-72 32 -10 -4 26 24 10 -12 -14 6 28 -74 -14 0 -12 -12 34 12 24 12 -32 44 -10 -20 10 -6 -18 18 6 2 -54 36 2 10 -24 -44 2 -24 -4 -24 -10 -12 -6 -26 6 -56 46 0 -6 6 8 22 -30 -24 12 18 46 -36 -24 -12
-34 -4 14 -14 6 24 12 -26 8 -8 -4 50 -10 -14 12 10 -8 24 20 -6 8 24 -12 6 -10 -14 -8 14 -18 -8 0 -10 28 10 -28 10 12 -8 34 -4 0 -24 -56 -20 0 -14 -54 -2 4 -8 8 -10 0 -10 10 14 -6 10 -16 16
36 10 18 0 24 0 -28 8 -6 -12 12 12 -8 22 12 -12 2 -10 -12 18 -6 6 12 -18 -6 -16 4 6 24 6 18 4 -22 16 40 84 2 0 26 14 -2 2 28 -26 14 4 -22 6 -4 2 -16 24 12 -8 22 6 24 -22 -2 18
48 -16 0 30 2 6 -18 -2 -14 -4 8 66 -10 0 -2 22 -14 -68 12 18 6 -4 8 -16 10 16 2 0 4 20 8 2 10 2 -4 -18 14 10 62 -32 -4 26 2 28 -22 -22 -24 16 -38 -36 2 -20 -6 12 28 -20 8 -6 28 -2
-48 14 -24 -2 -14 -28 16 -8 12 -16 -46 68 0 20 -8 0 -26 2 -36 14 -12 12 12 16 0 -10 20 8 -8 -48 -2 6 -32 0 -42 -6 14 -28 36 22 2 -4 44 4 -16 -10 0 -50 14 -2 -2 -20 4 -24 -16 -8 -26 -8 0 8
68 8 -20 -32 -10 -2 -26 2 -24 -32 2 -58 -34 -8 10 -42 40 -42 16 0 -30 -28 14 54 -8 -6 12 -2 -10 12 4 26 -18 14 20 32 8 -26 106 18 -8 -16 10 -120 22 0 -72 -16 14 6 -24 30 2 78 28 -10 -14 28 12 -24
4 8 2 -16 -6 -44 2 6 -2 -2 -6 -122 -4 -18 18 -20 18 -20 14 0 -18 -8 -8 -22 -38 -12 -22 -6 -24 -16 -38 -28 -6 -12 22 -26 -34 10 -26 -2 12 18 -12 -24 0 -24 -22 12 14 -18 -2 -34 -24 -32 -28 -14 -32 8 0 -22
-12 -20 -18 -18 -22 -30 -4 -28 0 -2 -12 -20 -12 20 2 2 -2 30 -30 2 -24 14 -18 0 -4 2 -6 14 0 18 -26 32 -36 4 26 -8 -30 -2 -10 -32 10 6 2 -18 8 20 -44 -26 -4 14 0 12 -22 -24 -4 6 30 24 -6 -12
-30 20 -6 -36 2 12 6 -18 12 0 -2 -38 -16 -8 -26 10 -2 -2 2 6 10 6 22 -20 -10 2 10 14 12 8 -20 -28 32 -20 12 -18 4 16 -46 -28 -8 18 14 42 -30 42 26 -18 38 6 42 -28 -12 4 6 -28 -12 -6 -2 6
-10 18 26 -6 8 -30 -32 30 -54 48 -28 -8 -2 -6 -8 6 14 8 4 -24 -2 10 38 -20 18 -2 -32 -12 -6 2 -66 4 -10 -4 42 12 6 6 22 -26 10 -20 50 -16 12 32 -28 6 30 -18 -12 8 -68 -22 20 10 -22 -68 -2 -56
-18 -24 16 -6 -8 16 -14 6 46 -6 0 68 2 6 20 10 10 -10 -2 12 16 -6 4 -4 -20 28 16 -48 6 -4 18 26 10 24 -4 14 -8 -6 8 16 -40 0 28 -36 0 10 -52 -24 8 14 12 32 -4 -12 28 -14 6 -20 -20 28
22 8 54 46 50 46 -6 28 34 12 12 50 44 30 2 48 30 18 -4 26 48 2 14 32 -12 52 52 48 40 14 44 28 -38 26 -20 62 54 -8 -2 0 14 -6 0 -16 10 -2 34 48 28 14 16 10 24 14 20 50 54 -24 -2 46
102 22 -2 24 -16 4 26 -8 22 -8 16 20 -6 -20 22 20 -26 10 0 -18 -6 -2 8 36 26 10 -12 -34 -12 0 0 2 -20 32 16 12 12 14 -18 6 12 -6 0 -2 -2 -2 -16 6 6 36 -20 -34 -18 -34 -14 -30 8 -22 10 -20
48 4 -26 18 4 -8 18 -22 -2 2 12 24 -22 4 14 6 14 18 14 -2 0 -12 -6 -8 14 -2 4 6 4 -34 8 16 26 -6 -4 -14 -2 -8 -28 0 -6 10 10 -8 2 -4 -16 -24 16 -4 20 0 -34 -6 -6 12 8 2 -2 -22
0 -20 -16 14 6 -26 12 2 -4 26 8 -30 30 8 14 6 16 -56 14 10 8 10 -2 -46 22 6 -4 4 -4 -6 20 16 -16 26 -2 -2 22 -4 0 14 24 20 -16 4 22 -46 -18 18 10 -18 -4 -12 -6 -14 20 -20 4 20 32 22
-12 4 24 -36 10 -18 12 16 -2 20 -4 18 8 8 -8 -8 2 12 -4 8 -18 2 -20 -10 -8 28 2 -18 -4 32 16 18 -32 24 -2 0 -32 -4 14 -8 -6 0 -6 -2 4 -12 4 30 0 -12 14 -14 -2 -18 2 -18 -14 -24 32 -50
24 0 18 -8 -12 -16 -20 -28 4 -14 -4 34 -24 8 22 -10 -4 -44 0 -6 -34 -4 10 -26 4 -6 14 -2 -26 20 -20 -8 -4 10 12 4 -14 4 -22 -8 24 -26 -4 6 -8 8 66 -14 2 -2 -16 4 22 -6 -10 0 0 -4 -2 8
14 -2 4 4 -2 -8 12 32 28 0 28 20 0 6 -2 32 -74 -10 12 8 6 14 26 -10 -16 -22 -2 6 -8 2 36 26 -8 8 -6 -30 8 -12 -12 4 8 -6 -6 -14 -20 30 24 -4 22 22 14 -14 12 6 -40 6 16 6 28 44
-44 -16 -34 -8 2 2 6 40 32 2 -6 4 6 4 10 2 -6 8 -30 12 -12 30 6 14 -12 -24 24 -8 -20 -22 -2 50 -38 2 -28 -22 4 8 -30 -16 30 -20 4 -22 -6 -16 4 -16 20 4 -22 10 -16 2 24 24 12 8 -24 16
-60 -16 -2 -46 12 38 24 -8 -18 -6 0 -30 -26 -10 28 0 -8 24 -24 2 6 18 -14 -14 -20 -20 -18 26 -30 4 8 0 -18 -12 -16 0 6 -10 10 18 42 0 -24 30 0 -16 -8 -8 6 2 8 -4 16 -42 36 -6 -36 8 20 -26
-44 16 0 4 4 18 -12 8 16 -12 20 -18 14 -14 -24 2 2 -20 -8 -18 6 -14 -10 -4 12 12 24 -2 -4 -2 -12 22 -16 -4 20 10 12 2 -12 -4 -10 -12 12 -10 26 26 4 -10 -10 24 8 34 16 26 20 -18 18 -20 4 2
30 4 22 26 0 -10 14 24 2 -26 -24 -6 0 2 -12 24 -6 42 -6 12 20 14 24 -14 -4 12 16 14 24 -2 14 50 4 -12 28 -56 -4 -2 -6 -30 4 -30 8 2 -12 8 4 28 14 -8 16 -12 20 -26 32 52 -6 -10 -24 32
84 6 -14 32 8 2 2 -62 -10 22 8 16 24 28 0 12 -48 36 38 -8 -40 -18 -60 50 24 -32 -16 34 8 -16 50 32 -2 12 10 28 -40 6 52 -12 -30 -22 -22 24 14 -14 -8 -12 20 68 32 18 -8 -12 -14 -44 8 -8 44 4
-28 8 0 4 0 -2 22 4 4 6 -4 24 26 12 10 -12 6 20 -4 6 12 18 2 -12 20 -4 12 8 14 -10 0 -6 -4 26 16 16 2 -14 32 42 -18 14 32 22 8 22 -10 2 4 24 -8 46 44 18 -2 32 -14 24 22 12
-58 -6 -18 4 -4 10 2 -2 -42 38 -2 -62 -8 -22 -10 18 0 10 0 -14 14 18 52 -2 20 -4 -30 6 -10 -8 10 -16 2 -16 -72 -14 -8 -10 -38 2 4 26 12 14 -14 6 8 -40 -4 0 -10 -30 -20 -16 32 -20 4 -32 -12 -20
84 34 -4 -8 -6 20 2 22 6 -8 14 14 -4 -18 8 18 10 12 -2 32 26 -18 -36 2 6 -24 -20 44 0 0 -60 -16 -2 -30 42 -12 20 22 -14 4 18 0 -20 22 -22 -2 -42 8 -10 -2 12 26 10 12 -28 -2 12 20 18 6
62 36 16 -14 36 58 8 14 -6 2 18 20 -10 14 16 24 26 20 -30 28 16 18 -6 16 -4 12 12 14 -2 4 -2 14 -28 18 12 -30 -8 -6 44 22 6 -2 -20 -24 32 -4 26 22 -8 36 18 16 2 -8 -8 6 44 26 14 12
-8 4 0 -16 0 -44 0 -20 -2 10 14 -24 40 -28 62 14 -30 10 18 -32 -4 -12 32 -10 6 0 -10 -18 -28 -44 0 -50 22 -30 -2 24 48 2 -60 26 -6 -8 8 -16 4 22 18 4 -24 2 30 -12 34 -38 14 -38 -20 12 4 12
50 4 -6 -24 8 -30 10 -6 14 -16 -6 -40 14 -10 -6 -20 -18 0 28 -10 -30 8 12 -16 18 -24 -16 -18 -2 -28 -4 -6 26 -4 -10 -50 -26 30 -18 4 18 18 -2 28 -34 -2 -20 22 -2 -6 -14 -16 8 38 -8 10 26 -12 18 -4
50 14 -10 10 -36 10 24 -14 14 18 4 2 10 18 16 -22 -48 -8 0 -20 -28 4 6 0 -2 4 -10 -4 -2 30 -6 -2 16 14 18 6 -36 0 -12 18 -22 -14 -18 4 8 -8 18 -4 10 4 4 4 -20 12 2 4 20 28 4 4
22 10 -46 -14 -14 -26 -6 4 20 10 20 -34 0 26 -32 12 -2 2 28 -2 -6 26 14 -14 -8 -16 28 -18 -6 20 20 4 32 -2 -4 6 -10 2 -20 -34 30 0 6 34 -18 22 -8 34 -36 -38 -38 -20 4 -16 0 2 8 -6 -18 30
40 22 38 12 18 2 62 24 -32 -20 -42 8 16 8 12 0 -42 -2 -6 -14 -12 46 -12 -44 10 -26 -20 -4 18 -16 14 42 62 10 20 -26 -48 -14 20 -26 22 10 10 46 38 -8 50 26 20 -4 34 -26 -16 14 -8 0 -22 -22 -4 46
0 -34 42 -10 28 0 -28 36 -26 -62 -12 58 -8 0 -44 -60 -6 0 -24 -24 -18 2 -26 -6 14 -10 26 -20 -18 46 -20 62 18 -32 18 12 22 0 44 -46 -48 -24 -30 -62 0 -66 -14 30 -66 -48 -8 -24 26 -46 62 0 16 -50 48 -10
-24 12 -26 -40 -14 18 46 -16 6 4 8 -22 -22 28 2 8 4 18 40 14 -10 16 -6 -4 -4 36 -2 14 14 -22 -28 -14 -14 42 16 0 -4 -42 4 16 16 0 -8 16 8 18 2 16 22 4 4 4 36 12 2 0 20 12 -14 12
-70 -2 -42 -10 -4 2 2 6 18 0 -4 -20 30 18 -4 6 -10 0 -20 10 -32 8 -2 2 20 2 18 -8 16 14 2 -8 -10 -10 18 12 34 12 2 -2 -18 -10 4 -14 -20 -4 8 -34 -6 0 -4 -12 -4 6 -14 24 4 6 0 12
-30 -24 16 2 -18 14 -34 -24 46 12 -4 2 -2 -24 -22 2 32 -16 40 22 -36 -26 -16 -8 26 4 -10 2 -18 10 16 -20 -48 -36 26 -44 -46 14 -16 -28 4 0 -28 32 -20 38 -34 -8 0 2 16 20 -10 0 20 26 -2 -22 -22 24
-12 16 -50 -18 0 -10 -14 40 14 -20 -12 62 -8 20 -26 -12 -6 -28 -12 -6 -10 12 48 -4 -6 22 20 4 -16 -30 8 0 -46 -16 -22 8 -4 -16 -62 -22 6 -8 -20 4 -10 20 6 -10 -12 -24 -26 -10 -4 -24 8 20 -6 -22 -20 -22
102 -20 16 26 -24 70 6 -4 6 42 20 -38 12 0 -42 -32 -6 4 -42 2 -8 -12 20 12 -6 0 6 -8 40 6 26 -4 2 -20 8 -18 -12 20 34 40 12 -32 -14 4 36 -14 4 4 -14 2 8 -2 -26 -4 0 42 -20 16 4 -4
-126 -18 8 0 -42 -28 40 -2 -38 -42 -10 -124 -12 -14 -4 -46 2 12 -8 -54 0 -14 18 8 -28 -36 -18 16 -16 4 -18 -4 -26 -20 44 -22 -18 12 -10 -30 8 -52 -54 -50 -14 -18 -34 -14 -6 -12 -10 -26 -20 -24 0 -20 6 -16 16 -34
-92 26 6 -10 -6 -20 4 -36 -8 4 -4 -50 36 -8 6 -14 10 -22 4 26 6 0 -14 20 -8 14 12 20 14 -22 -12 -18 -24 -4 -6 -26 -14 2 50 -8 28 -24 -10 -18 -12 -18 26 18 -6 -2 -16 -26 22 -6 16 24 4 -4 -4 -50
-2 -10 -16 4 -28 12 -12 2 -12 2 -4 70 8 -34 -24 -4 10 -2 6 2 -20 -12 2 8 -46 14 0 22 16 4 -32 -20 10 2 -20 -10 -20 2 46 10 42 10 38 28 18 -12 -66 36 6 4 16 26 8 36 -16 -10 -16 -2 -16 -16
24 26 8 18 -8 -40 2 22 -8 2 -26 0 14 -12 26 16 -16 -10 -4 0 22 30 -16 2 -20 16 -18 16 10 4 36 0 46 -32 -4 -54 30 -22 -26 -4 28 16 -4 4 -28 -4 22 12 -70 -14 -12 -12 24 12 -4 -18 -20 -6 2 -2
8 -28 6 10 -20 14 44 4 0 -6 20 10 -42 30 -24 8 0 2 -10 -16 18 -10 30 -14 24 6 0 -18 54 4 -6 10 0 -32 18 -18 6 -8 46 -8 -10 -30 -28 -38 -6 -8 48 0 20 -2 -6 -2 -26 32 -14 32 -46 -34 16 -12
-38 14 -14 -8 6 8 -16 -4 0 -10 4 -32 6 8 -8 20 -10 -2 10 -10 14 -26 -2 -14 14 -2 2 26 -12 -4 0 -10 -8 10 4 6 0 -20 32 -12 -14 6 10 -18 -94 -26 -40 -14 4 -6 -6 22 14 2 28 -24 -14 -4 -16 0
70 -30 -24 -26 -6 12 -26 -4 4 20 0 8 -4 -16 6 -16 -2 22 -30 -20 22 6 -20 -42 -6 8 32 -6 -18 -8 -20 16 -22 -18 20 16 4 0 -36 -2 -38 28 -10 -6 -4 10 14 -10 4 24 34 -2 26 14 12 -24 -6 6 14 22
-126 -18 -16 46 26 -20 -32 -14 12 46 22 26 2 -26 -30 -8 32 -44 38 -12 22 46 36 -12 22 -8 12 38 -14 24 80 2 16 2 22 -34 4 18 -6 18 -16 -6 38 0 8 -2 34 -26 12 14 2 34 -50 32 -36 20 22 -12 24 -4
56 -6 -14 -34 36 24 -6 2 2 0 22 -38 -4 -42 38 -16 10 36 -20 8 -4 20 16 -2 12 -44 -24 4 4 44 -2 30 -16 -40 -34 6 22 -4 -48 -12 -12 -2 0 -6 -34 -24 40 -6 22 -2 18 -28 -34 10 38 14 16 -28 10 -34
-4 -2 -2 4 -14 0 10 -12 36 28 -8 -26 18 2 -18 16 -2 14 -20 4 -20 14 -6 2 18 -8 16 -22 10 32 -16 -26 26 -4 30 10 28 -26 -34 4 -12 18 26 -54 -6 -24 -48 -40 -30 -20 -4 4 -6 -68 -10 6 6 24 -28 22
22 8 8 16 18 -16 0 18 -4 4 -4 -2 0 20 -6 -34 38 -30 4 10 -26 6 24 20 -28 10 12 8 -2 0 14 -6 -30 -4 12 -10 14 0 10 28 32 50 22 -12 -10 22 -2 -12 -4 -14 -14 20 16 -6 -8 36 8 4 -18 -14
-22 18 -28 34 34 10 -14 22 52 8 -34 -48 20 6 2 26 20 44 28 28 10 24 -24 6 2 30 22 -38 2 16 58 8 16 4 -56 -32 40 6 22 36 10 -10 -6 6 26 -26 40 -14 16 14 22 30 -12 4 16 36 -14 40 10 16
-48 10 -6 8 26 18 -2 16 10 4 10 66 6 -10 34 2 10 -14 0 -16 2 12 -4 18 36 24 20 -40 -4 -18 20 -14 6 2 18 24 22 10 28 10 24 -14 8 36 -12 14 8 -20 24 -16 -6 2 0 14 10 10 20 6 -16 30
-60 32 -2 -4 -2 8 -2 16 10 26 -14 20 26 18 -12 -28 18 40 -24 8 14 -6 2 10 0 22 -30 -30 -6 8 -8 36 -8 18 22 22 -10 -2 -16 -20 18 -2 -2 -12 24 -4 26 -22 34 54 -12 2 0 -52 -2 -6 -22 -4 -30 -6
-22 -24 18 10 4 38 -68 -2 -10 16 48 -74 32 26 -38 14 4 0 14 2 -18 -34 2 -12 -20 -44 6 40 -30 24 8 10 40 -8 10 -42 12 28 30 6 0 -10 30 -2 -16 30 48 10 2 24 18 12 2 12 -10 -16 14 -32 -14 28
4 -4 -14 0 -2 2 -8 -18 -20 -20 -12 4 -6 8 12 -20 -2 62 -22 4 -12 10 -58 2 -2 4 14 -14 -2 -16 4 0 8 -12 8 38 10 -2 26 -32 -26 28 -60 34 34 4 -16 16 -14 -10 30 -20 34 22 -4 -12 2 2 14 22
14 20 18 -24 -12 -18 -12 -8 -28 -22 2 -42 2 4 -10 4 -34 18 -6 32 6 -24 -20 -36 16 10 12 0 0 -26 24 12 -40 -22 -126 32 16 -4 2 -4 12 -20 -2 10 10 -14 58 -8 26 8 0 -4 -16 -6 48 -8 12 -24 -24 14
-14 16 -20 6 22 18 16 -2 46 -112 16 20 24 20 -12 -20 18 6 -16 18 10 6 26 28 4 48 22 24 14 6 6 2 -32 -4 -24 24 -4 12 16 -30 12 10 2 -6 14 4 28 8 -26 24 -16 14 8 -22 0 20 4 -10 4 8
40 8 6 -2 8 -24 -28 -8 0 -6 22 38 -2 20 0 18 -8 18 0 -10 14 -2 -6 -2 14 0 12 10 20 18 4 0 12 26 -12 4 -2 -16 -46 0 30 10 -26 -2 -14 16 0 -34 -8 0 18 -4 -2 -6 20 14 -14 -2 -2 26
-50 24 0 12 -4 -10 -2 6 0 -6 6 26 -14 26 -18 26 -2 14 0 -8 28 -24 -30 -10 -10 -10 -8 18 -10 12 24 20 -12 16 -30 2 -4 16 -46 -28 2 18 24 22 -6 -6 -20 -4 2 -26 -14 16 12 -10 -10 -10 -24 14 0 10
-54 12 -2 -8 26 -6 -22 -28 -24 2 4 40 -4 6 0 -10 32 -2 32 4 22 -22 24 0 20 -116 -16 -12 4 36 6 -12 -28 -18 34 20 -22 14 14 -12 8 -4 12 18 4 -14 44 48 28 6 12 -22 28 34 -8 -24 0 0 0 -32
-12 18 14 52 16 56 -6 -38 26 36 26 30 28 -2 12 26 12 22 -10 8 16 -22 -10 10 10 22 24 2 36 -2 0 20 -26 12 -20 -4 22 24 12 -8 38 -2 18 20 -14 26 -40 2 16 42 12 0 14 24 -4 16 -22 36 -16 -8
-74 10 6 14 -22 10 24 8 4 0 14 -32 10 10 6 -46 -10 26 18 26 -34 4 -10 -6 6 -18 -26 14 -2 -38 -40 36 -2 2 -6 -52 -6 0 -20 -8 -14 22 -22 -34 10 -20 28 10 -2 -22 30 22 12 -44 28 28 46 -30 14 -10
26 -20 38 0 6 28 12 -20 14 -2 0 22 -14 4 4 20 26 12 -20 16 12 20 -2 4 -12 14 -12 -12 -26 -16 -20 -6 18 2 -20 20 -4 -20 24 4 -14 -22 -68 -28 22 -42 -74 6 6 -16 2 2 0 12 4 2 32 20 -22 14
60 -16 40 14 0 -12 -26 -6 36 10 -4 102 -8 8 -2 40 10 36 -24 -16 22 32 -12 8 -24 8 12 -20 14 4 -14 -2 16 4 -12 126 56 -14 -22 -38 -36 -62 20 -12 22 0 -8 14 2 22 34 -22 10 38 -12 2 12 -22 0 12
22 -16 16 -6 -30 -16 8 0 -18 0 14 52 -28 4 -8 20 -16 -80 -14 8 -32 -16 8 22 14 -6 -16 -6 6 22 -18 -6 6 16 34 28 28 14 2 -2 -10 76 6 18 2 -10 -18 8 -64 -28 14 4 -60 -8 6 16 12 -16 18 14
38 14 -16 -50 -6 -26 0 -2 12 -12 -42 32 -34 12 26 18 6 -6 -16 16 0 16 -8 6 8 0 2 -26 -12 -58 14 -38 -32 -20 -8 -26 6 10 28 12 -6 -18 6 -12 -16 16 -4 -34 12 -24 0 30 -2 26 -10 6 -24 10 8 32
74 20 -40 10 12 -24 12 22 8 -28 -24 -36 26 -30 26 -6 38 -24 -8 -4 -4 4 6 -30 10 -2 32 -8 -18 42 6 -36 68 6 12 -20 -2 6 52 54 -38 20 -34 2 38 -18 -78 -30 -28 -26 28 22 -20 -12 -12 -20 -10 6 -2 -16
-44 8 24 30 16 -2 -8 2 -10 36 -10 -126 -20 -10 42 16 6 10 28 6 0 -2 -8 -2 -12 -8 -4 14 8 0 -32 -4 -10 26 68 -14 16 -6 -22 -28 -6 8 -18 0 8 -28 -70 -14 4 6 -8 -20 -26 -2 -14 14 -18 20 18 -48
-48 0 -20 4 -14 -14 18 -14 10 14 -20 -38 0 2 6 0 -10 -16 8 -10 8 -8 16 30 -42 -26 34 -16 4 -16 -8 -12 0 -28 10 -2 16 8 8 26 2 16 -20 -16 -10 12 -52 14 -46 10 2 26 -58 -28 -6 10 18 16 -20 18
-50 12 6 -22 -22 -8 18 2 -14 -12 -4 12 10 8 -12 4 -12 -2 -10 -14 10 -16 26 -30 -6 36 10 0 -14 -16 -16 -16 -28 -24 -32 10 -28 -12 -24 -24 16 12 14 12 -8 14 42 22 6 0 -34 -8 -10 10 -26 0 10 -16 26 -20
-12 0 18 -20 0 -28 -26 32 -34 24 -12 0 -18 -12 -12 10 -2 -14 10 -18 26 10 -10 -8 0 -6 6 -12 6 8 -44 -26 -22 6 86 -70 6 12 4 -66 16 -30 20 2 10 16 -36 2 -4 -20 -4 4 -116 0 22 2 12 -28 32 -28
28 -4 44 2 -28 -4 14 8 -2 24 36 40 -4 6 2 -6 -20 -12 0 -10 -12 -36 14 14 14 18 -14 -26 22 -34 36 38 -12 26 16 -16 -16 -4 -26 10 -14 46 18 30 -18 20 -8 -6 -8 -14 0 20 -20 8 -40 14 16 0 30 36
52 12 58 12 26 8 6 50 40 32 16 68 44 44 -44 36 22 18 -2 22 22 -44 -24 14 -10 46 24 -18 28 40 28 4 22 0 0 70 38 -10 30 -20 -6 2 20 -8 10 -40 52 24 16 -30 -6 -2 16 52 10 48 34 10 -2 22
-6 20 6 4 -6 -34 6 12 26 2 2 -28 -32 -34 32 42 -14 16 -4 12 12 -10 0 6 24 6 -12 -40 0 10 -16 -10 -8 34 -30 20 4 12 -16 -42 38 -12 20 -14 14 -8 -64 30 24 2 18 -42 18 -10 20 -26 -26 10 30 -10
28 -8 -22 -32 -12 6 -20 14 0 2 8 -28 -6 -4 -2 12 -18 36 -32 -8 14 -10 -20 -6 4 -30 -6 12 -4 -32 32 18 30 -8 -14 -8 -48 10 -62 -2 -12 18 -22 8 -8 2 18 -26 -16 -4 44 -2 -20 -28 -24 0 -2 10 12 6
-70 0 -28 26 -4 -4 -12 0 6 16 -10 -2 2 -10 22 -2 -8 -24 -2 18 2 -10 -12 -36 2 10 -12 4 20 24 -6 8 -4 6 -30 8 4 2 22 -14 0 10 -14 2 -4 -10 -16 24 2 12 -12 -16 -4 12 26 -20 14 14 34 8
26 -24 24 -42 -36 8 -2 -10 -8 -8 -4 6 -10 26 -6 24 -8 16 4 2 -30 -28 -6 14 0 28 0 -34 -16 30 36 4 -2 2 34 -36 -48 4 -12 20 22 24 -16 -10 8 6 8 18 10 4 -10 0 -12 18 -8 -18 -4 4 22 -14
116 0 -12 -2 -2 -32 10 -10 -6 2 2 -42 -2 -2 8 -6 0 -40 20 14 -14 34 20 2 -14 -12 20 -24 12 0 -8 -32 18 0 -46 28 -28 -16 -14 4 -8 -14 6 18 0 -8 -44 10 -16 -24 -28 28 38 2 -26 22 2 32 -16 4
-32 -42 48 -6 16 16 4 34 6 -4 28 66 -12 22 8 2 -72 -20 -8 -6 -10 -2 6 -8 0 44 0 8 24 -10 -6 32 6 10 -26 6 18 -18 2 4 24 -82 -38 16 -20 26 34 8 -4 40 30 -2 -2 0 -10 0 34 -6 40 30
18 -28 12 4 22 16 -18 18 -14 20 12 12 6 -6 30 -16 28 -18 -26 -2 -30 4 -10 -2 -26 -26 22 -16 -10 -18 -26 46 -6 0 -28 22 22 -10 -4 -20 44 -4 -24 20 -4 -4 28 -2 20 4 -10 10 -30 2 20 0 14 -10 -16 -4
-86 -28 12 -46 -6 -4 4 0 -22 8 -4 -60 -6 0 -6 0 -20 10 -6 10 -18 24 -14 -14 -14 -22 -10 8 20 -12 0 -2 -2 -2 4 -16 -4 -16 -20 6 10 16 -10 18 -20 0 -4 22 -4 6 -8 6 -12 2 6 14 -2 -24 10 -24
-20 22 -4 8 24 -20 -12 10 16 0 12 -28 42 -6 -44 -10 8 -34 24 10 -2 0 -34 32 14 -34 12 -10 -22 24 -4 -10 -12 2 2 36 0 -6 16 0 14 -4 20 26 8 8 16 8 -6 -6 -14 8 12 6 14 -38 -8 -20 -10 -2
66 12 6 24 -6 6 16 22 0 -12 -16 14 8 2 -16 26 -24 30 -10 8 6 12 20 -10 -24 -4 30 4 22 6 24 20 4 -22 78 -70 0 -4 6 -18 -4 -18 8 -4 -22 -12 2 -2 16 -10 18 -4 14 -4 26 24 -12 -12 -14 22
70 -18 16 10 -24 -26 30 -40 -4 8 32 36 12 -36 28 -28 -50 10 28 -16 -44 -12 -72 26 -28 6 8 6 38 0 4 -14 -14 28 54 70 -24 -6 8 -56 -36 -14 -32 24 26 2 -8 34 -4 30 10 -2 24 22 -28 -34 8 2 12 26
20 22 0 8 0 8 12 -16 -22 -2 10 -16 44 4 22 -16 10 -18 12 0 2 -38 2 28 22 38 -4 20 4 10 20 -16 12 2 -56 58 14 -22 50 0 -8 48 14 -10 -2 22 4 36 -8 -2 6 -16 8 -20 -22 2 -20 32 32 -2
-6 24 -10 -14 8 -6 6 -4 -66 30 -4 -52 -20 -48 -16 -8 -18 0 4 -14 10 16 0 0 -14 24 6 0 -4 -2 0 -2 -2 2 -126 28 4 -8 16 -6 -8 40 8 -16 8 12 14 6 8 -14 -14 -12 -60 -28 12 -14 12 -40 2 -12
92 42 -6 -4 -16 4 8 32 -8 10 4 0 10 -20 -4 0 -6 12 6 28 8 -8 -26 10 -8 14 -12 34 8 -38 -34 -38 -8 -22 12 -24 0 42 0 28 14 4 2 10 -2 -2 -34 12 6 -16 24 20 -14 10 -10 8 8 12 12 -6
-44 -8 -2 26 28 48 0 -4 2 22 -8 6 24 18 -24 4 26 8 -54 8 16 0 4 18 -4 10 24 -38 30 40 -28 -8 -30 28 22 -26 26 22 12 18 -16 2 28 12 54 32 8 30 -6 -14 -20 -34 -12 -32 8 16 36 16 28 48
-40 -24 20 -18 -12 -44 -6 -26 -18 -52 42 6 -20 -16 36 -10 -48 2 28 -4 -8 18 -14 22 16 -16 -26 4 -32 -4 -4 -30 40 -12 22 6 50 14 36 -12 -28 -8 -18 -28 30 -4 32 4 2 -10 -16 -22 26 8 4 -34 0 -4 24 6
36 38 -10 -40 -14 -18 0 18 -16 -44 -30 -48 -6 -22 -4 8 -32 20 10 20 -24 -20 8 28 -12 2 6 16 -14 -10 -28 -48 2 -6 2 -22 -28 18 -18 -22 28 -18 4 6 -2 -22 2 42 -12 -24 0 36 -34 6 -8 22 0 -22 -10 0
-6 -12 -10 -2 -2 2 14 8 -6 -12 8 74 -6 -22 -4 6 -72 -8 -2 -18 6 -6 -12 2 -18 6 -8 -16 2 22 26 12 -10 24 -4 6 2 12 -20 -24 -10 18 24 0 -8 -10 6 22 6 22 -2 -12 0 -6 16 -6 20 10 14 -6
-72 16 -18 -6 -26 -14 20 -6 4 2 14 36 -2 18 -42 14 -4 28 -12 12 8 18 6 -6 -8 0 -8 -28 -18 4 4 0 22 -14 -14 18 36 -10 -28 -14 4 -18 -6 20 -38 -8 4 -10 -26 -4 -30 -6 2 -38 12 14 8 18 -2 24
44 -4 -20 0 8 6 30 -32 -12 -8 -36 -38 -2 2 50 0 -54 -16 4 10 -28 44 10 4 18 -44 -18 -6 24 -18 44 8 -44 0 -48 24 -28 20 -28 26 -10 22 -14 -20 -22 -20 46 20 -6 6 -18 -16 18 26 -30 26 -22 -38 16 34
-6 -76 20 6 32 26 -6 52 -14 -36 -26 50 -12 20 4 -24 12 -8 -16 -18 -6 -4 4 -4 -12 -18 10 -24 -22 30 14 50 28 0 -4 10 44 10 -6 -12 -4 -8 -8 -16 2 -44 -48 10 -56 -36 10 -10 28 -2 28 26 16 -42 30 20
-12 -24 -14 -16 10 28 22 24 6 18 -8 -4 -16 18 -14 12 -12 14 6 -2 34 44 36 -10 12 -16 14 8 34 8 -28 22 2 26 86 -34 16 -8 -38 70 8 -16 -2 24 24 -2 24 6 30 34 -2 14 18 -16 0 6 2 20 16 42
-58 -16 -28 -12 -8 12 -16 -20 -2 -8 4 28 14 18 -16 8 -10 4 -6 18 -24 18 8 2 8 -6 8 -20 -20 -10 -16 6 -26 -20 -28 10 34 0 20 6 8 -4 -16 -4 12 18 -18 -36 18 -8 30 10 6 -12 -2 6 2 24 -6 10
-68 -22 22 -32 -16 -18 -14 -42 48 -22 -4 16 34 4 16 22 24 -34 28 24 -30 -34 40 6 38 64 8 4 -16 -30 20 -36 -42 -28 -4 -20 -40 10 -10 4 -12 14 -64 8 -10 8 24 -26 -4 8 -14 42 14 -14 14 2 30 -14 -8 26
40 6 -32 -22 10 -14 -24 2 0 -18 -4 -30 -24 22 -56 -6 -10 -24 -10 0 -12 4 40 -20 -34 -14 16 2 -30 -8 -4 -10 -30 -30 -10 -16 10 -14 -54 16 -14 28 -10 -22 4 6 28 10 0 -22 22 -20 16 -4 -6 -10 -16 6 -44 -2
100 -24 20 24 -28 14 -4 8 4 38 30 14 22 8 -34 -4 0 -2 -30 -6 -2 -8 32 18 -8 12 -2 18 12 12 4 28 20 -16 -16 -12 6 30 0 24 20 -34 32 12 -16 18 10 10 -26 4 -2 -14 -46 -8 2 16 -14 0 10 18
-124 -30 2 -26 2 -58 -74 -2 32 -48 -44 -124 -82 -4 -20 -50 14 -24 44 -76 -24 -16 -16 -36 14 26 -24 -32 -42 0 -10 52 48 32 -24 38 -82 22 -100 -74 -44 -126 -12 16 -56 -58 12 38 88 -96 20 0 96 -54 -64 -56 28 68 -10 -16
-112 -36 -8 -20 18 -42 44 -26 6 -52 8 -70 52 2 36 -34 70 -46 -28 -10 76 -24 36 38 6 84 -50 36 2 -92 -56 -80 -56 -2 6 28 -60 -36 10 -48 4 -70 16 -28 -68 -24 -24 46 8 -20 -38 44 60 4 -42 -46 -32 44 -38 -76
-30 -4 52 -12 20 6 34 40 18 -28 0 -54 -18 -112 -10 -30 -48 78 -32 26 -82 4 -10 -22 -108 60 -40 24 54 20 -8 16 4 10 -92 -22 -42 64 0 26 72 42 50 62 20 -84 16 -76 8 -40 -2 10 12 -42 -4 -38 32 44 -74 6
28 -52 54 18 -42 22 20 28 26 42 6 -14 62 -18 2 -76 -38 -106 -80 74 -4 78 22 46 72 -80 -60 16 20 -32 84 -92 62 -28 56 38 0 82 60 26 4 122 -8 8 14 54 -2 -68 -124 60 -22 -30 -6 -24 -74 -50 -28 -68 -18 -34
62 -24 4 -70 16 -58 -76 -26 -68 30 -36 62 -8 80 -112 20 20 -56 -6 -40 38 16 66 -94 60 -48 18 58 -18 118 68 16 34 34 84 -116 -64 72 -62 72 -28 -122 92 0 -34 66 122 38 60 -52 64 110 -76 10 16 -14 12 -88 36 30
-124 106 16 -10 90 90 -58 -18 56 72 -26 34 78 0 36 -40 -52 82 -26 40 64 -46 -8 -56 90 18 84 -28 46 -6 -18 -112 -10 44 48 -8 -56 40 46 -32 20 66 42 56 -126 -54 -4 -54 -2 14 -32 58 20 2 74 8 56 -28 -52 -82
92 44 -50 58 76 -54 -96 -48 -48 110 6 -54 54 -10 58 -78 -26 -58 54 -78 34 40 12 -122 32 8 46 -60 18 -4 40 70 30 -84 -88 -86 18 28 -2 96 54 -70 -36 60 36 60 120 62 50 -28 -16 -68 92 54 58 -96 48 14 30 34
-126 -20 36 78 26 -56 -48 0 -26 74 -18 44 18 -28 24 4 32 -60 66 24 -24 104 68 -30 66 -4 20 86 -38 -12 124 -24 -14 48 32 -114 10 26 4 38 -4 -2 44 -8 -64 28 74 -68 28 10 2 98 -82 32 -58 80 46 -72 46 -46
64 -46 16 -54 -44 18 32 30 -48 52 32 -102 -8 -50 -10 -12 -4 52 -46 -24 46 4 -10 6 -8 -42 -60 -52 -14 32 -48 96 -78 -88 46 14 34 38 -28 -52 40 -36 -72 -16 6 -74 -50 18 14 46 -8 -56 24 -58 42 58 2 -30 54 -44
86 58 28 18 20 -14 26 -90 14 -50 26 78 -50 14 -34 -20 34 -66 -28 36 -74 -20 -34 -42 52 -50 52 -14 40 74 80 -106 94 -70 68 118 38 6 14 64 -96 118 -34 -44 -36 -52 -90 -56 -124 -30 58 46 22 72 32 4 -14 12 36 46
112 126 12 -44 -70 76 -60 66 -28 -22 -68 -58 30 -62 64 -42 124 26 -22 84 -32 88 -20 -92 -76 48 90 -30 100 -14 28 -72 14 94 -80 20 14 110 36 -10 -36 -72 -16 -8 -124 -16 4 34 38 100 34 -66 26 -12 -84 -54 100 -118 66 90
-32 60 4 108 78 78 46 -34 62 12 -76 -126 40 64 38 78 80 66 102 -18 62 80 20 38 -64 50 58 -38 24 28 28 32 0 22 -76 -118 56 -36 10 -56 -6 -32 -22 -14 40 -72 126 -24 14 38 0 24 -82 20 50 54 -64 72 0 12
-34 46 90 48 50 -12 56 44 -14 -22 36 90 58 -26 0 24 -16 10 4 -18 2 46 -68 -8 56 4 -10 -70 30 4 -38 -6 60 -28 60 -16 14 30 76 18 66 -44 32 16 18 36 -44 -8 -22 -14 -22 -32 6 22 -20 -20 36 92 -34 34
-122 42 -86 -6 -26 30 -66 4 60 34 52 56 -38 12 -8 22 -30 0 -18 -32 18 42 12 32 2 -40 -42 14 -58 24 44 88 50 -46 0 96 -14 -10 -12 48 -42 -90 68 22 -6 -4 -6 -36 54 122 -22 98 8 2 -80 -12 -60 -10 -76 -2
-58 -90 38 44 -58 86 -46 -42 40 -14 86 2 -14 88 -20 -48 -52 -36 -22 -10 -80 -70 26 46 8 -74 38 12 34 72 -98 -8 94 -36 -22 -124 -48 56 -8 50 16 -12 38 -2 6 24 92 54 -54 20 26 12 -94 -46 2 32 34 -46 62 -54
30 -96 -68 46 32 44 -20 20 -82 20 -16 -24 -40 32 -30 32 -42 -86 0 10 52 82 98 -32 8 -34 36 48 -74 -20 34 68 -70 48 -50 -10 2 34 -6 -18 -92 -16 -120 4 24 48 32 22 -26 -14 24 -42 -50 48 -44 28 20 -112 58 -20
88 112 -56 -54 24 -24 -80 -50 -38 -46 16 -58 -8 -12 -4 -4 -80 4 62 112 -8 -46 -66 -44 2 -60 66 28 -48 -46 120 -64 -80 -6 -126 -54 -12 -62 30 78 20 -18 -120 -12 82 -70 122 -42 92 -18 -24 -18 -44 -30 78 16 86 -88 -38 44
-56 102 40 -58 30 -44 84 -24 86 -126 72 -46 -48 -6 -12 -74 -36 -6 -74 -56 110 80 -66 34 -24 50 108 -40 22 30 -40 -34 12 -90 -124 34 54 20 -36 44 -30 94 -46 24 64 -50 124 8 -108 96 30 72 -100 -4 -112 106 -28 -122 90 -42
66 22 -44 26 32 -62 -64 -44 -58 -34 22 42 22 40 64 6 -18 36 10 -26 6 60 -60 10 0 30 -24 34 2 -20 56 -32 -6 68 4 14 -2 -86 -62 -18 14 -46 12 -34 -36 82 -8 8 -52 46 22 44 20 -16 34 20 -36 -16 16 10
-92 12 10 30 0 10 26 -32 12 -2 -18 -96 12 0 -22 4 -40 6 -26 0 20 26 -90 -8 -22 34 10 -16 -52 -48 12 36 22 22 6 -4 62 34 20 -70 -70 -10 -16 46 0 6 -14 50 -14 -30 -8 18 -2 -34 -32 -48 0 0 12 14
-116 26 -30 36 90 -2 -4 -26 16 14 -18 126 24 6 12 14 46 30 46 -18 60 -44 40 -48 30 -126 -10 -16 42 22 4 -32 -72 18 50 -18 -12 30 74 -74 26 -12 20 2 22 -20 70 52 68 -18 14 18 -34 -12 -2 -32 -16 16 -12 -46
10 46 46 70 38 62 -12 -54 68 -50 76 54 34 58 26 -46 -24 8 42 30 86 -60 40 0 -46 52 -2 -10 -6 8 12 64 -56 -44 -28 94 -12 40 16 70 92 44 20 -30 34 4 6 18 62 -16 8 -50 -30 -10 42 -40 -116 30 -114 0
-124 18 24 -66 50 32 -28 24 0 56 16 -46 -20 -30 34 -54 -30 0 76 50 30 58 -48 14 32 -92 -72 -6 -10 2 -84 72 14 -18 80 -126 20 -58 -26 42 -48 42 6 -4 58 -22 18 30 -4 -46 -24 28 18 -40 -4 -66 60 -36 6 22
50 -22 4 -8 72 44 56 -104 114 -86 30 84 -36 44 -22 46 40 54 12 -52 -2 40 -44 -10 -96 62 78 30 -44 -34 84 -26 46 -16 -98 44 -2 -36 10 -46 -40 -78 -126 56 -38 -108 -108 -20 50 32 24 26 52 58 -44 78 10 44 -70 0
120 -84 -14 14 -32 -86 0 82 -36 -54 42 122 20 98 -46 -10 -34 -16 6 64 -2 -58 18 -68 36 -60 -48 54 -10 -26 62 48 62 -64 -102 126 -76 44 36 120 -4 52 8 30 -84 38 -122 -26 -68 -20 36 54 66 26 68 84 -32 56 -32 56
58 -62 16 -10 -6 -12 106 8 -104 68 -74 20 20 48 -12 46 14 -78 18 74 -24 -96 30 112 16 -52 -38 40 44 -2 6 -94 -6 100 -42 18 -22 -30 -22 -8 36 124 -12 -44 -2 -18 12 -8 -126 -98 -34 -8 -124 40 32 -26 78 -30 52 -26
116 26 -14 -16 -8 -104 20 -16 -42 44 -94 -12 -18 -30 -62 66 -2 8 -48 28 -42 56 66 -4 40 16 26 -10 -10 -82 26 -28 -4 38 34 -84 -18 80 8 50 -36 78 102 24 10 56 28 -44 0 -8 30 6 28 28 -62 4 -76 -66 68 -28
96 -16 -24 70 56 8 -32 54 2 46 -108 30 116 -104 38 -80 62 -84 44 -20 4 2 -4 44 -30 -94 -46 2 -20 -2 114 34 -32 -4 -34 44 36 36 -22 -76 -86 86 38 56 126 24 -112 -28 4 -44 -44 90 102 20 -62 30 -42 -10 -54 -42
-32 26 -4 30 -2 -32 -38 0 42 -42 60 -128 6 46 82 -10 44 -24 24 62 -12 -42 -32 -64 30 -62 -22 -10 -14 6 -22 -78 30 -18 120 68 14 2 30 18 -30 74 -26 -12 56 -50 -124 -56 16 0 -42 -8 60 -6 30 8 -62 88 -48 -38
-68 8 -46 -24 -6 -108 80 -82 -78 72 -14 -104 -22 92 22 -14 40 38 -70 -58 -64 -68 -6 66 -50 -32 82 34 32 -34 -48 -44 -4 -44 82 -118 -64 -48 -4 68 72 118 -66 4 -42 56 -112 -38 -118 30 6 78 -122 4 -8 58 80 86 14 -34
-110 44 -2 -88 -68 32 -38 42 -72 44 -38 -44 6 -50 -8 24 -12 -92 36 -16 56 -6 6 -68 2 -12 32 62 -48 54 -42 -66 12 -64 58 50 -14 34 -16 -98 32 46 14 14 76 68 -44 12 68 -4 46 -106 20 8 22 -48 -16 24 70 -42
68 10 118 60 -52 -54 -26 80 -62 124 -100 -72 6 -52 -62 78 72 44 6 -36 -22 52 18 -22 34 -64 -62 -2 20 52 -124 -50 24 86 126 -126 -56 14 32 -122 40 -74 100 -50 74 40 -126 4 32 34 32 54 -126 -36 94 82 -14 -88 -38 -98
126 -64 60 -106 -42 62 10 46 -120 122 -66 42 32 42 12 40 10 -102 42 58 50 -58 -8 42 22 52 -50 -122 -6 18 -32 62 2 14 98 -56 -24 0 16 56 -4 30 58 12 38 74 32 -8 -80 -14 16 124 -100 32 -56 -50 -2 26 96 4
-8 -64 28 -38 42 78 -34 26 34 86 -22 36 32 -26 4 12 -18 -12 62 2 38 0 -36 56 -12 -24 28 54 30 -18 24 54 34 -52 -22 -76 100 -62 82 88 54 -60 -52 -8 56 62 44 46 86 -68 12 34 108 4 -62 56 100 22 116 54
-24 -48 22 -34 56 -54 -66 -32 96 -62 56 -80 -40 -50 -56 20 -8 -34 -58 0 60 4 18 64 58 28 -70 -58 -8 44 42 -52 52 122 -66 98 74 42 -10 -60 -2 38 40 -12 82 -26 -126 52 8 92 0 -32 86 24 -18 -126 36 -66 10 -14
50 20 -68 34 18 30 14 -30 -44 -36 42 18 -38 -14 68 50 -2 -2 48 -54 -12 -28 -20 -60 -12 36 50 -70 10 40 -8 64 -34 -14 -18 26 14 2 54 -40 18 -10 -6 -2 44 -22 -36 -50 54 6 -56 18 -38 -6 4 44 40 -34 20 -56
-38 -62 -18 62 60 -72 34 -32 -16 42 -28 10 14 -6 8 -28 -6 -86 32 -2 -54 26 -4 -90 34 -16 44 -12 64 -30 32 26 6 34 2 -12 50 -44 28 26 58 14 -48 -10 4 -44 -72 -4 50 -78 -2 -66 28 -48 74 -42 46 38 64 52
124 14 74 -96 32 -70 6 32 -64 30 -24 -4 -16 8 -22 54 2 54 -38 -14 -78 48 0 -72 -42 32 38 -32 -52 -58 0 62 -58 70 46 38 -94 42 64 10 -6 -14 -34 -8 36 -6 14 32 44 4 -6 -12 -74 18 12 -70 4 -28 -36 -106
124 40 -124 -18 -24 -66 38 -16 -24 8 -36 28 22 6 44 -36 36 -84 42 44 -58 26 40 -28 -68 -54 48 10 6 -88 -22 -60 -34 -62 -120 124 -92 -28 -22 94 34 12 80 34 -56 28 -128 -36 -50 -52 10 104 78 -22 -12 42 -38 78 -72 42
26 -124 -40 -60 -16 -34 28 68 24 -10 52 118 -64 36 2 50 -112 54 -44 -58 0 50 42 86 -78 -44 8 16 84 42 -92 58 42 56 -16 -80 10 -104 -20 20 52 -126 -34 -24 -90 94 -38 36 -38 100 30 -48 -82 56 10 -24 36 56 92 84
88 14 -20 76 -14 -14 2 66 54 -8 22 -38 -34 42 38 62 -44 32 -80 78 16 -2 30 -16 -70 -16 4 26 -30 -40 0 56 -56 30 8 -46 -4 16 38 18 74 -124 -12 -56 -18 -78 12 -14 100 8 -22 32 42 -24 48 68 4 24 -72 48
-126 48 -34 -86 58 36 36 56 -64 6 -8 -16 -32 -14 -6 56 22 70 -44 -20 56 72 -14 -80 -48 8 2 78 -40 -20 -2 -10 -52 -62 -32 -8 -36 -10 -16 -20 32 -70 -62 22 6 -40 66 12 30 24 -6 10 -4 -46 20 8 -24 -14 -2 -72
-58 -52 -78 38 10 16 36 38 70 -26 28 -56 32 -18 -28 -8 -12 -30 24 16 54 4 18 80 -60 -36 28 46 -2 22 -10 34 -6 -40 -10 4 -4 -80 -22 18 -14 -30 4 -30 -50 52 -42 -22 24 20 -10 8 52 -10 4 -46 -14 -24 10 26
86 -70 72 102 -64 -2 56 84 70 -74 -16 66 36 -12 -28 -6 -50 74 -92 54 22 96 24 -60 52 -28 -60 2 20 -54 20 80 -30 6 124 -122 8 12 -52 -98 -84 -54 30 8 -10 34 -90 -14 68 50 14 -6 106 20 114 120 -76 -70 -102 60
-34 -98 38 96 -14 56 -54 -106 8 18 8 38 32 58 104 -20 -22 62 70 -68 -76 -28 -98 118 -14 58 4 70 -4 4 82 0 30 70 -24 44 -68 30 -30 -70 -48 54 -78 -32 -8 24 -126 0 14 104 60 44 22 86 -42 -56 54 -50 6 8
58 6 36 46 0 12 64 -12 10 -100 10 -22 76 -10 56 -46 -12 -48 -12 -66 -30 36 -24 -36 46 -40 60 18 68 26 2 36 16 50 42 -98 26 -54 84 22 42 -68 50 -24 -14 14 -22 60 92 50 -18 -8 62 -26 64 28 -44 48 4 32
-8 104 -84 52 -54 -48 74 34 -122 98 -22 -124 -2 -16 -28 36 16 38 70 -30 -76 -62 12 -20 -60 10 -66 74 64 -32 84 -48 -6 30 -128 122 -8 -36 -56 10 40 94 -56 0 -38 -16 38 -8 -16 -72 24 -100 -122 44 94 -60 18 48 -84 52
40 68 -80 -70 -56 102 -52 98 68 -20 -10 -78 -14 -46 10 42 14 70 32 74 68 -86 14 0 -16 12 -76 112 -10 44 -112 -68 36 -42 118 -36 -34 24 -10 -32 26 -44 -44 6 46 2 -62 -48 -44 -68 0 60 54 -12 -56 -40 -18 68 38 16
-126 22 28 46 -22 -6 56 14 -56 -26 78 -114 24 68 -110 62 62 118 -124 72 -36 -66 -32 -24 86 48 -66 52 -30 -24 32 -74 30 14 -66 62 -30 124 8 -62 -18 14 -6 8 126 -2 62 -20 -34 58 12 4 -54 32 -22 76 122 -40 6 -66
-112 -26 -24 -40 40 -76 52 -2 -60 -2 -6 68 10 -70 36 -6 30 32 66 -88 -4 30 42 50 -20 -56 10 -20 -2 -26 -4 -70 70 42 -30 -88 -114 0 60 -40 12 42 28 -2 -46 -6 68 4 -22 40 -10 -94 52 -42 14 -56 -14 8 -60 20
16 -38 10 -76 10 42 42 64 58 -124 -88 -18 -20 -2 42 50 10 104 64 72 64 -100 8 82 10 20 -76 -4 -60 4 -66 26 -84 90 6 50 -42 -10 24 -64 -24 32 36 -100 -38 -108 54 -44 -96 -54 24 100 -52 30 -26 94 -78 -48 -8 -42
-38 40 -4 0 56 10 -36 18 36 48 44 -22 52 -66 -6 0 -126 -40 -22 -88 102 -62 52 -12 30 74 -8 34 -58 -60 48 -58 -14 18 -36 44 60 -4 54 28 18 28 24 46 110 -66 -58 -2 46 12 -4 42 30 40 86 2 56 -50 -26 -38
-38 14 -56 -58 -28 -50 14 -46 4 28 8 16 4 52 -62 -14 6 -30 30 -2 48 50 16 -66 18 -32 20 -56 -44 38 20 10 8 -22 -32 -46 -20 30 0 12 -18 50 30 22 -12 22 66 58 22 -52 -52 0 -10 22 -56 -32 24 -4 10 38
4 2 72 8 28 -38 122 54 -42 24 -100 102 26 -8 8 54 -62 40 -6 -50 -16 116 46 -74 -52 -40 -98 12 52 -52 74 110 -16 42 -100 -116 -14 -32 10 -60 8 -16 6 -14 18 -34 100 24 62 -44 60 -32 -38 72 -44 60 -76 -58 -22 30
92 -12 46 20 64 58 -42 16 -42 -54 10 90 -14 -22 -8 -78 -24 -90 26 -46 -42 32 -6 -82 46 -8 60 -48 -6 22 22 78 84 -118 70 -78 -34 74 42 90 -42 -36 -34 -18 16 -58 -110 60 -94 -76 -30 -50 82 -22 70 -6 58 -76 60 -26
-36 -76 -20 -108 66 24 -84 6 46 32 10 -72 -56 -10 -66 58 58 34 -4 -30 66 74 18 -32 20 -6 -30 74 58 78 -62 -46 6 58 124 -24 6 -34 -6 -18 20 -70 88 30 86 64 -68 16 84 64 -2 -34 84 26 -24 -56 -14 68 -42 40
46 -38 -70 -30 -76 54 -12 36 -20 -28 -20 -104 20 -24 -32 -20 -68 8 -8 26 -72 70 12 0 10 8 52 4 -16 -22 -32 22 -30 -16 20 -70 84 -4 4 52 -62 -16 -58 -12 -20 -12 6 -106 -28 22 6 -18 8 -74 54 6 32 2 12 54
52 -68 84 56 -56 4 8 -56 110 60 2 -82 46 -56 16 -4 38 -112 80 78 -84 -50 58 -8 72 -24 -58 -8 -38 18 24 -84 -24 -10 72 -124 -70 30 -52 -72 -52 114 -14 -8 -8 40 -56 -18 -14 0 34 58 -36 18 12 28 14 -22 -80 34
102 2 12 50 -64 -4 -56 16 -10 -24 -14 68 -14 38 -50 -52 12 -82 54 -44 -38 30 110 -18 32 38 40 84 -50 -8 64 -10 -72 -16 26 -72 4 -16 56 34 -20 -68 -32 -30 -68 30 50 -44 4 -46 -6 -10 2 -12 -2 40 -4 -52 -20 -24
108 -42 -68 -74 -64 118 52 -54 -44 56 -42 -10 34 68 -72 -32 -2 52 -86 -42 -104 -94 16 108 -50 -28 88 -32 122 64 4 36 18 -82 -102 -78 -6 30 -28 92 80 -124 -62 -6 60 -40 118 14 -42 30 -6 10 50 -66 14 60 18 84 86 16
