68 96 52 64 36 80 72 84 60 72 36 68 64 60 64 56 68 80 68 68 52 76 56 80 68 60 80 64 68 76 52 56 64 64 64 60 64 64 52 72 96 52 64 36 76 72 92 64 64 28 76 68 60 72 56 68 84 60 68 64 68 52 68 64 60 72 72 68 64 60 60 80 48 72 52 64 56 56 72 92 56 60 36 88 68 88 60 68 32 76 64 60 72 64 72 80 64 60 72 56 64 60 52 56 60 88 80 56 72 56 64 52 84 52 64 52 60 72 96 56 60 40 92 68 88 68 68 24 68 56 52 68 80 88 76 72 56 64 52 80 56 40 52 56 96 88 40 76 60 60 76 72 64 60 52 68 68 88 56 68 44 88 72 84 68 64 36 68 40 48 64 96 104 56 76 56 68 68 72 64 36 56 60 76 72 44 64 68 60 96 64 76 60 56 72 
72 96 52 64 36 76 72 92 64 64 28 76 68 60 72 56 68 84 60 68 64 68 52 68 64 60 72 72 68 64 60 60 80 48 72 52 64 56 56 72 92 56 60 36 88 68 88 60 68 32 76 64 60 72 64 72 80 64 60 72 56 64 60 52 56 60 88 80 56 72 56 64 52 84 52 64 52 60 72 96 56 60 40 92 68 88 68 68 24 68 56 52 68 80 88 76 72 56 64 52 80 56 40 52 56 96 88 40 76 60 60 76 72 64 60 52 68 68 88 56 68 44 88 72 84 68 64 36 68 40 48 64 96 104 56 76 56 68 68 72 64 36 56 60 76 72 44 64 68 60 96 64 76 60 56 72 64 84 56 76 60 88 76 88 60 52 44 72 32 44 64 96 100 52 68 60 60 92 80 68 52 60 56 48 48 60 48 68 60 96 64 68 60 60 76 
72 92 56 60 36 88 68 88 60 68 32 76 64 60 72 64 72 80 64 60 72 56 64 60 52 56 60 88 80 56 72 56 64 52 84 52 64 52 60 72 96 56 60 40 92 68 88 68 68 24 68 56 52 68 80 88 76 72 56 64 52 80 56 40 52 56 96 88 40 76 60 60 76 72 64 60 52 68 68 88 56 68 44 88 72 84 68 64 36 68 40 48 64 96 104 56 76 56 68 68 72 64 36 56 60 76 72 44 64 68 60 96 64 76 60 56 72 64 84 56 76 60 88 76 88 60 52 44 72 32 44 64 96 100 52 68 60 60 92 80 68 52 60 56 48 48 60 48 68 60 96 64 68 60 60 76 52 80 56 80 68 84 76 84 68 80 32 76 28 40 56 84 84 48 56 64 64 108 76 68 68 60 56 40 32 64 52 64 72 76 64 72 60 68 76 
72 96 56 60 40 92 68 88 68 68 24 68 56 52 68 80 88 76 72 56 64 52 80 56 40 52 56 96 88 40 76 60 60 76 72 64 60 52 68 68 88 56 68 44 88 72 84 68 64 36 68 40 48 64 96 104 56 76 56 68 68 72 64 36 56 60 76 72 44 64 68 60 96 64 76 60 56 72 64 84 56 76 60 88 76 88 60 52 44 72 32 44 64 96 100 52 68 60 60 92 80 68 52 60 56 48 48 60 48 68 60 96 64 68 60 60 76 52 80 56 80 68 84 76 84 68 80 32 76 28 40 56 84 84 48 56 64 64 108 76 68 68 60 56 40 32 64 52 64 72 76 64 72 60 68 76 44 76 56 80 64 84 72 84 60 92 48 72 32 40 52 72 64 48 52 60 72 104 84 76 84 60 56 44 32 56 60 60 48 32 68 68 60 72 68 
68 88 56 68 44 88 72 84 68 64 36 68 40 48 64 96 104 56 76 56 68 68 72 64 36 56 60 76 72 44 64 68 60 96 64 76 60 56 72 64 84 56 76 60 88 76 88 60 52 44 72 32 44 64 96 100 52 68 60 60 92 80 68 52 60 56 48 48 60 48 68 60 96 64 68 60 60 76 52 80 56 80 68 84 76 84 68 80 32 76 28 40 56 84 84 48 56 64 64 108 76 68 68 60 56 40 32 64 52 64 72 76 64 72 60 68 76 44 76 56 80 64 84 72 84 60 92 48 72 32 40 52 72 64 48 52 60 72 104 84 76 84 60 56 44 32 56 60 60 48 32 68 68 60 72 68 40 68 52 80 64 80 68 84 68 96 48 72 48 40 48 60 48 40 52 56 48 68 80 72 92 72 60 52 56 56 60 56 48 12 48 56 64 72 64 
64 84 56 76 60 88 76 88 60 52 44 72 32 44 64 96 100 52 68 60 60 92 80 68 52 60 56 48 48 60 48 68 60 96 64 68 60 60 76 52 80 56 80 68 84 76 84 68 80 32 76 28 40 56 84 84 48 56 64 64 108 76 68 68 60 56 40 32 64 52 64 72 76 64 72 60 68 76 44 76 56 80 64 84 72 84 60 92 48 72 32 40 52 72 64 48 52 60 72 104 84 76 84 60 56 44 32 56 60 60 48 32 68 68 60 72 68 40 68 52 80 64 80 68 84 68 96 48 72 48 40 48 60 48 40 52 56 48 68 80 72 92 72 60 52 56 56 60 56 48 12 48 56 64 72 64 36 64 48 80 60 76 68 84 68 96 60 88 60 48 48 56 56 44 48 52 48 40 64 68 92 88 80 60 84 80 68 64 68 40 52 52 64 72 60 
52 80 56 80 68 84 76 84 68 80 32 76 28 40 56 84 84 48 56 64 64 108 76 68 68 60 56 40 32 64 52 64 72 76 64 72 60 68 76 44 76 56 80 64 84 72 84 60 92 48 72 32 40 52 72 64 48 52 60 72 104 84 76 84 60 56 44 32 56 60 60 48 32 68 68 60 72 68 40 68 52 80 64 80 68 84 68 96 48 72 48 40 48 60 48 40 52 56 48 68 80 72 92 72 60 52 56 56 60 56 48 12 48 56 64 72 64 36 64 48 80 60 76 68 84 68 96 60 88 60 48 48 56 56 44 48 52 48 40 64 68 92 88 80 60 84 80 68 64 68 40 52 52 64 72 60 36 60 44 80 56 64 64 76 48 84 48 80 72 64 64 56 68 60 56 60 56 40 68 60 104 100 92 52 68 100 88 68 68 72 72 56 64 68 60 
44 76 56 80 64 84 72 84 60 92 48 72 32 40 52 72 64 48 52 60 72 104 84 76 84 60 56 44 32 56 60 60 48 32 68 68 60 72 68 40 68 52 80 64 80 68 84 68 96 48 72 48 40 48 60 48 40 52 56 48 68 80 72 92 72 60 52 56 56 60 56 48 12 48 56 64 72 64 36 64 48 80 60 76 68 84 68 96 60 88 60 48 48 56 56 44 48 52 48 40 64 68 92 88 80 60 84 80 68 64 68 40 52 52 64 72 60 36 60 44 80 56 64 64 76 48 84 48 80 72 64 64 56 68 60 56 60 56 40 68 60 104 100 92 52 68 100 88 68 68 72 72 56 64 68 60 40 64 48 76 60 72 52 76 56 72 48 76 96 88 76 48 60 80 76 60 56 52 72 60 100 92 84 44 48 92 80 72 76 92 72 76 64 68 68 
40 68 52 80 64 80 68 84 68 96 48 72 48 40 48 60 48 40 52 56 48 68 80 72 92 72 60 52 56 56 60 56 48 12 48 56 64 72 64 36 64 48 80 60 76 68 84 68 96 60 88 60 48 48 56 56 44 48 52 48 40 64 68 92 88 80 60 84 80 68 64 68 40 52 52 64 72 60 36 60 44 80 56 64 64 76 48 84 48 80 72 64 64 56 68 60 56 60 56 40 68 60 104 100 92 52 68 100 88 68 68 72 72 56 64 68 60 40 64 48 76 60 72 52 76 56 72 48 76 96 88 76 48 60 80 76 60 56 52 72 60 100 92 84 44 48 92 80 72 76 92 72 76 64 68 68 48 72 52 80 68 76 68 84 64 80 60 72 108 96 80 40 52 92 76 68 68 76 80 76 72 64 60 44 44 64 60 72 64 84 68 88 64 72 72 
36 64 48 80 60 76 68 84 68 96 60 88 60 48 48 56 56 44 48 52 48 40 64 68 92 88 80 60 84 80 68 64 68 40 52 52 64 72 60 36 60 44 80 56 64 64 76 48 84 48 80 72 64 64 56 68 60 56 60 56 40 68 60 104 100 92 52 68 100 88 68 68 72 72 56 64 68 60 40 64 48 76 60 72 52 76 56 72 48 76 96 88 76 48 60 80 76 60 56 52 72 60 100 92 84 44 48 92 80 72 76 92 72 76 64 68 68 48 72 52 80 68 76 68 84 64 80 60 72 108 96 80 40 52 92 76 68 68 76 80 76 72 64 60 44 44 64 60 72 64 84 68 88 64 72 72 68 84 56 68 48 84 80 76 52 84 64 84 104 88 72 28 36 80 72 72 56 76 76 88 44 44 36 56 52 44 40 72 56 56 56 76 64 76 72 
36 60 44 80 56 64 64 76 48 84 48 80 72 64 64 56 68 60 56 60 56 40 68 60 104 100 92 52 68 100 88 68 68 72 72 56 64 68 60 40 64 48 76 60 72 52 76 56 72 48 76 96 88 76 48 60 80 76 60 56 52 72 60 100 92 84 44 48 92 80 72 76 92 72 76 64 68 68 48 72 52 80 68 76 68 84 64 80 60 72 108 96 80 40 52 92 76 68 68 76 80 76 72 64 60 44 44 64 60 72 64 84 68 88 64 72 72 68 84 56 68 48 84 80 76 52 84 64 84 104 88 72 28 36 80 72 72 56 76 76 88 44 44 36 56 52 44 40 72 56 56 56 76 64 76 72 72 84 52 64 44 84 68 80 52 92 60 84 92 72 56 28 40 68 48 76 56 64 68 88 28 36 36 80 84 48 36 80 68 60 48 52 64 80 64 
40 64 48 76 60 72 52 76 56 72 48 76 96 88 76 48 60 80 76 60 56 52 72 60 100 92 84 44 48 92 80 72 76 92 72 76 64 68 68 48 72 52 80 68 76 68 84 64 80 60 72 108 96 80 40 52 92 76 68 68 76 80 76 72 64 60 44 44 64 60 72 64 84 68 88 64 72 72 68 84 56 68 48 84 80 76 52 84 64 84 104 88 72 28 36 80 72 72 56 76 76 88 44 44 36 56 52 44 40 72 56 56 56 76 64 76 72 72 84 52 64 44 84 68 80 52 92 60 84 92 72 56 28 40 68 48 76 56 64 68 88 28 36 36 80 84 48 36 80 68 60 48 52 64 80 64 72 84 52 56 44 84 64 84 56 80 60 96 72 60 44 48 60 60 36 88 64 72 60 76 36 48 56 92 88 60 64 64 84 68 56 48 64 76 56 
48 72 52 80 68 76 68 84 64 80 60 72 108 96 80 40 52 92 76 68 68 76 80 76 72 64 60 44 44 64 60 72 64 84 68 88 64 72 72 68 84 56 68 48 84 80 76 52 84 64 84 104 88 72 28 36 80 72 72 56 76 76 88 44 44 36 56 52 44 40 72 56 56 56 76 64 76 72 72 84 52 64 44 84 68 80 52 92 60 84 92 72 56 28 40 68 48 76 56 64 68 88 28 36 36 80 84 48 36 80 68 60 48 52 64 80 64 72 84 52 56 44 84 64 84 56 80 60 96 72 60 44 48 60 60 36 88 64 72 60 76 36 48 56 92 88 60 64 64 84 68 56 48 64 76 56 76 80 48 56 44 84 60 92 52 84 68 96 64 52 48 60 68 64 48 76 80 68 60 68 56 52 80 88 72 68 76 32 88 76 60 60 64 72 56 
68 84 56 68 48 84 80 76 52 84 64 84 104 88 72 28 36 80 72 72 56 76 76 88 44 44 36 56 52 44 40 72 56 56 56 76 64 76 72 72 84 52 64 44 84 68 80 52 92 60 84 92 72 56 28 40 68 48 76 56 64 68 88 28 36 36 80 84 48 36 80 68 60 48 52 64 80 64 72 84 52 56 44 84 64 84 56 80 60 96 72 60 44 48 60 60 36 88 64 72 60 76 36 48 56 92 88 60 64 64 84 68 56 48 64 76 56 76 80 48 56 44 84 60 92 52 84 68 96 64 52 48 60 68 64 48 76 80 68 60 68 56 52 80 88 72 68 76 32 88 76 60 60 64 72 56 72 80 44 56 48 84 56 96 52 96 56 92 60 48 60 72 72 64 52 48 96 84 56 68 60 60 80 84 72 72 64 32 84 80 64 64 64 68 56 
72 84 52 64 44 84 68 80 52 92 60 84 92 72 56 28 40 68 48 76 56 64 68 88 28 36 36 80 84 48 36 80 68 60 48 52 64 80 64 72 84 52 56 44 84 64 84 56 80 60 96 72 60 44 48 60 60 36 88 64 72 60 76 36 48 56 92 88 60 64 64 84 68 56 48 64 76 56 76 80 48 56 44 84 60 92 52 84 68 96 64 52 48 60 68 64 48 76 80 68 60 68 56 52 80 88 72 68 76 32 88 76 60 60 64 72 56 72 80 44 56 48 84 56 96 52 96 56 92 60 48 60 72 72 64 52 48 96 84 56 68 60 60 80 84 72 72 64 32 84 80 64 64 64 68 56 72 72 44 60 48 84 56 84 72 88 56 96 60 48 64 80 76 68 48 36 104 88 60 72 60 64 80 80 76 68 60 40 68 64 84 68 64 64 60 
72 84 52 56 44 84 64 84 56 80 60 96 72 60 44 48 60 60 36 88 64 72 60 76 36 48 56 92 88 60 64 64 84 68 56 48 64 76 56 76 80 48 56 44 84 60 92 52 84 68 96 64 52 48 60 68 64 48 76 80 68 60 68 56 52 80 88 72 68 76 32 88 76 60 60 64 72 56 72 80 44 56 48 84 56 96 52 96 56 92 60 48 60 72 72 64 52 48 96 84 56 68 60 60 80 84 72 72 64 32 84 80 64 64 64 68 56 72 72 44 60 48 84 56 84 72 88 56 96 60 48 64 80 76 68 48 36 104 88 60 72 60 64 80 80 76 68 60 40 68 64 84 68 64 64 60 72 68 48 64 48 84 52 76 80 100 56 100 56 48 76 88 84 72 52 24 100 84 80 72 60 68 72 76 80 52 72 64 48 64 72 52 64 64 60 
76 80 48 56 44 84 60 92 52 84 68 96 64 52 48 60 68 64 48 76 80 68 60 68 56 52 80 88 72 68 76 32 88 76 60 60 64 72 56 72 80 44 56 48 84 56 96 52 96 56 92 60 48 60 72 72 64 52 48 96 84 56 68 60 60 80 84 72 72 64 32 84 80 64 64 64 68 56 72 72 44 60 48 84 56 84 72 88 56 96 60 48 64 80 76 68 48 36 104 88 60 72 60 64 80 80 76 68 60 40 68 64 84 68 64 64 60 72 68 48 64 48 84 52 76 80 100 56 100 56 48 76 88 84 72 52 24 100 84 80 72 60 68 72 76 80 52 72 64 48 64 72 52 64 64 60 68 72 48 68 56 88 44 72 84 108 64 100 52 52 76 96 92 56 60 36 80 88 68 56 60 76 68 64 68 40 84 96 36 52 52 40 64 64 60 
72 80 44 56 48 84 56 96 52 96 56 92 60 48 60 72 72 64 52 48 96 84 56 68 60 60 80 84 72 72 64 32 84 80 64 64 64 68 56 72 72 44 60 48 84 56 84 72 88 56 96 60 48 64 80 76 68 48 36 104 88 60 72 60 64 80 80 76 68 60 40 68 64 84 68 64 64 60 72 68 48 64 48 84 52 76 80 100 56 100 56 48 76 88 84 72 52 24 100 84 80 72 60 68 72 76 80 52 72 64 48 64 72 52 64 64 60 68 72 48 68 56 88 44 72 84 108 64 100 52 52 76 96 92 56 60 36 80 88 68 56 60 76 68 64 68 40 84 96 36 52 52 40 64 64 60 64 64 52 72 64 84 44 60 88 108 72 96 52 56 76 92 88 44 72 64 64 68 60 40 64 76 76 52 52 52 88 100 40 28 52 56 64 60 60 
72 72 44 60 48 84 56 84 72 88 56 96 60 48 64 80 76 68 48 36 104 88 60 72 60 64 80 80 76 68 60 40 68 64 84 68 64 64 60 72 68 48 64 48 84 52 76 80 100 56 100 56 48 76 88 84 72 52 24 100 84 80 72 60 68 72 76 80 52 72 64 48 64 72 52 64 64 60 68 72 48 68 56 88 44 72 84 108 64 100 52 52 76 96 92 56 60 36 80 88 68 56 60 76 68 64 68 40 84 96 36 52 52 40 64 64 60 64 64 52 72 64 84 44 60 88 108 72 96 52 56 76 92 88 44 72 64 64 68 60 40 64 76 76 52 52 52 88 100 40 28 52 56 64 60 60 64 64 52 80 72 76 56 64 88 116 56 88 52 68 84 84 80 44 88 80 52 44 52 48 64 88 80 44 40 72 80 88 40 32 60 76 64 60 56 
72 68 48 64 48 84 52 76 80 100 56 100 56 48 76 88 84 72 52 24 100 84 80 72 60 68 72 76 80 52 72 64 48 64 72 52 64 64 60 68 72 48 68 56 88 44 72 84 108 64 100 52 52 76 96 92 56 60 36 80 88 68 56 60 76 68 64 68 40 84 96 36 52 52 40 64 64 60 64 64 52 72 64 84 44 60 88 108 72 96 52 56 76 92 88 44 72 64 64 68 60 40 64 76 76 52 52 52 88 100 40 28 52 56 64 60 60 64 64 52 80 72 76 56 64 88 116 56 88 52 68 84 84 80 44 88 80 52 44 52 48 64 88 80 44 40 72 80 88 40 32 60 76 64 60 56 64 64 56 80 68 72 56 80 80 104 56 80 56 80 92 72 60 52 92 92 36 28 56 56 68 88 72 44 44 88 64 68 48 44 68 80 64 56 56 
68 72 48 68 56 88 44 72 84 108 64 100 52 52 76 96 92 56 60 36 80 88 68 56 60 76 68 64 68 40 84 96 36 52 52 40 64 64 60 64 64 52 72 64 84 44 60 88 108 72 96 52 56 76 92 88 44 72 64 64 68 60 40 64 76 76 52 52 52 88 100 40 28 52 56 64 60 60 64 64 52 80 72 76 56 64 88 116 56 88 52 68 84 84 80 44 88 80 52 44 52 48 64 88 80 44 40 72 80 88 40 32 60 76 64 60 56 64 64 56 80 68 72 56 80 80 104 56 80 56 80 92 72 60 52 92 92 36 28 56 56 68 88 72 44 44 88 64 68 48 44 68 80 64 56 56 60 72 60 80 68 72 64 80 72 92 56 88 56 92 96 60 52 68 84 84 32 24 60 68 64 72 60 56 64 76 48 44 64 72 60 72 64 52 64 
64 64 52 72 64 84 44 60 88 108 72 96 52 56 76 92 88 44 72 64 64 68 60 40 64 76 76 52 52 52 88 100 40 28 52 56 64 60 60 64 64 52 80 72 76 56 64 88 116 56 88 52 68 84 84 80 44 88 80 52 44 52 48 64 88 80 44 40 72 80 88 40 32 60 76 64 60 56 64 64 56 80 68 72 56 80 80 104 56 80 56 80 92 72 60 52 92 92 36 28 56 56 68 88 72 44 44 88 64 68 48 44 68 80 64 56 56 60 72 60 80 68 72 64 80 72 92 56 88 56 92 96 60 52 68 84 84 32 24 60 68 64 72 60 56 64 76 48 44 64 72 60 72 64 52 64 56 76 68 80 60 76 72 80 64 76 60 88 56 88 88 64 60 68 76 68 40 36 52 64 68 56 44 64 72 64 56 40 72 88 56 52 64 52 68 
64 64 52 80 72 76 56 64 88 116 56 88 52 68 84 84 80 44 88 80 52 44 52 48 64 88 80 44 40 72 80 88 40 32 60 76 64 60 56 64 64 56 80 68 72 56 80 80 104 56 80 56 80 92 72 60 52 92 92 36 28 56 56 68 88 72 44 44 88 64 68 48 44 68 80 64 56 56 60 72 60 80 68 72 64 80 72 92 56 88 56 92 96 60 52 68 84 84 32 24 60 68 64 72 60 56 64 76 48 44 64 72 60 72 64 52 64 56 76 68 80 60 76 72 80 64 76 60 88 56 88 88 64 60 68 76 68 40 36 52 64 68 56 44 64 72 64 56 40 72 88 56 52 64 52 68 56 84 68 76 64 80 72 80 56 80 44 88 60 84 76 60 64 68 76 56 40 56 48 52 68 52 44 64 72 64 56 48 72 84 64 48 64 56 68 
64 64 56 80 68 72 56 80 80 104 56 80 56 80 92 72 60 52 92 92 36 28 56 56 68 88 72 44 44 88 64 68 48 44 68 80 64 56 56 60 72 60 80 68 72 64 80 72 92 56 88 56 92 96 60 52 68 84 84 32 24 60 68 64 72 60 56 64 76 48 44 64 72 60 72 64 52 64 56 76 68 80 60 76 72 80 64 76 60 88 56 88 88 64 60 68 76 68 40 36 52 64 68 56 44 64 72 64 56 40 72 88 56 52 64 52 68 56 84 68 76 64 80 72 80 56 80 44 88 60 84 76 60 64 68 76 56 40 56 48 52 68 52 44 64 72 64 56 48 72 84 64 48 64 56 68 56 88 68 80 68 72 68 80 56 76 44 80 60 76 68 64 68 68 64 48 48 64 48 44 68 48 56 64 68 72 56 60 76 68 72 64 64 56 68 
60 72 60 80 68 72 64 80 72 92 56 88 56 92 96 60 52 68 84 84 32 24 60 68 64 72 60 56 64 76 48 44 64 72 60 72 64 52 64 56 76 68 80 60 76 72 80 64 76 60 88 56 88 88 64 60 68 76 68 40 36 52 64 68 56 44 64 72 64 56 40 72 88 56 52 64 52 68 56 84 68 76 64 80 72 80 56 80 44 88 60 84 76 60 64 68 76 56 40 56 48 52 68 52 44 64 72 64 56 48 72 84 64 48 64 56 68 56 88 68 80 68 72 68 80 56 76 44 80 60 76 68 64 68 68 64 48 48 64 48 44 68 48 56 64 68 72 56 60 76 68 72 64 64 56 68 56 88 68 76 64 76 80 68 48 80 44 76 64 68 64 64 68 76 64 48 56 60 60 52 68 56 60 64 56 72 60 76 80 68 64 72 64 56 64 
56 76 68 80 60 76 72 80 64 76 60 88 56 88 88 64 60 68 76 68 40 36 52 64 68 56 44 64 72 64 56 40 72 88 56 52 64 52 68 56 84 68 76 64 80 72 80 56 80 44 88 60 84 76 60 64 68 76 56 40 56 48 52 68 52 44 64 72 64 56 48 72 84 64 48 64 56 68 56 88 68 80 68 72 68 80 56 76 44 80 60 76 68 64 68 68 64 48 48 64 48 44 68 48 56 64 68 72 56 60 76 68 72 64 64 56 68 56 88 68 76 64 76 80 68 48 80 44 76 64 68 64 64 68 76 64 48 56 60 60 52 68 56 60 64 56 72 60 76 80 68 64 72 64 56 64 56 88 68 76 68 80 72 68 52 76 44 72 64 68 64 60 60 76 64 60 68 68 52 56 64 64 64 68 64 56 60 84 80 68 64 80 64 56 68 
56 84 68 76 64 80 72 80 56 80 44 88 60 84 76 60 64 68 76 56 40 56 48 52 68 52 44 64 72 64 56 48 72 84 64 48 64 56 68 56 88 68 80 68 72 68 80 56 76 44 80 60 76 68 64 68 68 64 48 48 64 48 44 68 48 56 64 68 72 56 60 76 68 72 64 64 56 68 56 88 68 76 64 76 80 68 48 80 44 76 64 68 64 64 68 76 64 48 56 60 60 52 68 56 60 64 56 72 60 76 80 68 64 72 64 56 64 56 88 68 76 68 80 72 68 52 76 44 72 64 68 64 60 60 76 64 60 68 68 52 56 64 64 64 68 64 56 60 84 80 68 64 80 64 56 68 56 88 68 76 68 88 68 72 48 72 40 80 64 68 64 68 68 68 60 72 72 64 56 72 64 60 60 72 68 48 64 76 68 64 76 80 60 60 68 
56 88 68 80 68 72 68 80 56 76 44 80 60 76 68 64 68 68 64 48 48 64 48 44 68 48 56 64 68 72 56 60 76 68 72 64 64 56 68 56 88 68 76 64 76 80 68 48 80 44 76 64 68 64 64 68 76 64 48 56 60 60 52 68 56 60 64 56 72 60 76 80 68 64 72 64 56 64 56 88 68 76 68 80 72 68 52 76 44 72 64 68 64 60 60 76 64 60 68 68 52 56 64 64 64 68 64 56 60 84 80 68 64 80 64 56 68 56 88 68 76 68 88 68 72 48 72 40 80 64 68 64 68 68 68 60 72 72 64 56 72 64 60 60 72 68 48 64 76 68 64 76 80 60 60 68 56 92 68 76 64 80 72 76 60 84 28 72 64 68 60 68 68 60 64 72 72 68 68 76 64 60 60 64 60 56 64 64 64 72 72 68 60 60 68 
56 88 68 76 64 76 80 68 48 80 44 76 64 68 64 64 68 76 64 48 56 60 60 52 68 56 60 64 56 72 60 76 80 68 64 72 64 56 64 56 88 68 76 68 80 72 68 52 76 44 72 64 68 64 60 60 76 64 60 68 68 52 56 64 64 64 68 64 56 60 84 80 68 64 80 64 56 68 56 88 68 76 68 88 68 72 48 72 40 80 64 68 64 68 68 68 60 72 72 64 56 72 64 60 60 72 68 48 64 76 68 64 76 80 60 60 68 56 92 68 76 64 80 72 76 60 84 28 72 64 68 60 68 68 60 64 72 72 68 68 76 64 60 60 64 60 56 64 64 64 72 72 68 60 60 68 56 92 68 80 68 80 72 72 52 76 44 88 64 64 60 68 64 60 60 72 72 72 68 80 64 52 68 60 52 68 72 60 48 56 68 68 60 64 68 
56 88 68 76 68 80 72 68 52 76 44 72 64 68 64 60 60 76 64 60 68 68 52 56 64 64 64 68 64 56 60 84 80 68 64 80 64 56 68 56 88 68 76 68 88 68 72 48 72 40 80 64 68 64 68 68 68 60 72 72 64 56 72 64 60 60 72 68 48 64 76 68 64 76 80 60 60 68 56 92 68 76 64 80 72 76 60 84 28 72 64 68 60 68 68 60 64 72 72 68 68 76 64 60 60 64 60 56 64 64 64 72 72 68 60 60 68 56 92 68 80 68 80 72 72 52 76 44 88 64 64 60 68 64 60 60 72 72 72 68 80 64 52 68 60 52 68 72 60 48 56 68 68 60 64 68 56 92 68 80 72 80 64 80 60 80 48 84 68 56 64 64 56 64 68 68 52 60 72 80 68 60 72 64 52 68 68 60 48 52 68 44 60 64 64 
56 88 68 76 68 88 68 72 48 72 40 80 64 68 64 68 68 68 60 72 72 64 56 72 64 60 60 72 68 48 64 76 68 64 76 80 60 60 68 56 92 68 76 64 80 72 76 60 84 28 72 64 68 60 68 68 60 64 72 72 68 68 76 64 60 60 64 60 56 64 64 64 72 72 68 60 60 68 56 92 68 80 68 80 72 72 52 76 44 88 64 64 60 68 64 60 60 72 72 72 68 80 64 52 68 60 52 68 72 60 48 56 68 68 60 64 68 56 92 68 80 72 80 64 80 60 80 48 84 68 56 64 64 56 64 68 68 52 60 72 80 68 60 72 64 52 68 68 60 48 52 68 44 60 64 64 56 88 68 80 64 84 68 80 56 84 36 92 68 56 68 64 48 60 68 64 52 56 72 56 68 64 68 64 68 52 64 52 60 64 64 40 60 60 64 
56 92 68 76 64 80 72 76 60 84 28 72 64 68 60 68 68 60 64 72 72 68 68 76 64 60 60 64 60 56 64 64 64 72 72 68 60 60 68 56 92 68 80 68 80 72 72 52 76 44 88 64 64 60 68 64 60 60 72 72 72 68 80 64 52 68 60 52 68 72 60 48 56 68 68 60 64 68 56 92 68 80 72 80 64 80 60 80 48 84 68 56 64 64 56 64 68 68 52 60 72 80 68 60 72 64 52 68 68 60 48 52 68 44 60 64 64 56 88 68 80 64 84 68 80 56 84 36 92 68 56 68 64 48 60 68 64 52 56 72 56 68 64 68 64 68 52 64 52 60 64 64 40 60 60 64 56 88 68 80 56 80 80 76 44 72 44 88 68 56 68 68 60 52 72 56 48 56 72 56 64 64 60 68 80 56 64 48 60 64 72 64 60 60 64 
56 92 68 80 68 80 72 72 52 76 44 88 64 64 60 68 64 60 60 72 72 72 68 80 64 52 68 60 52 68 72 60 48 56 68 68 60 64 68 56 92 68 80 72 80 64 80 60 80 48 84 68 56 64 64 56 64 68 68 52 60 72 80 68 60 72 64 52 68 68 60 48 52 68 44 60 64 64 56 88 68 80 64 84 68 80 56 84 36 92 68 56 68 64 48 60 68 64 52 56 72 56 68 64 68 64 68 52 64 52 60 64 64 40 60 60 64 56 88 68 80 56 80 80 76 44 72 44 88 68 56 68 68 60 52 72 56 48 56 72 56 64 64 60 68 80 56 64 48 60 64 72 64 60 60 64 60 84 68 80 60 80 72 76 48 68 52 76 72 56 64 68 68 52 68 48 48 56 80 56 64 64 60 68 68 68 56 68 64 72 72 64 60 60 64 
56 92 68 80 72 80 64 80 60 80 48 84 68 56 64 64 56 64 68 68 52 60 72 80 68 60 72 64 52 68 68 60 48 52 68 44 60 64 64 56 88 68 80 64 84 68 80 56 84 36 92 68 56 68 64 48 60 68 64 52 56 72 56 68 64 68 64 68 52 64 52 60 64 64 40 60 60 64 56 88 68 80 56 80 80 76 44 72 44 88 68 56 68 68 60 52 72 56 48 56 72 56 64 64 60 68 80 56 64 48 60 64 72 64 60 60 64 60 84 68 80 60 80 72 76 48 68 52 76 72 56 64 68 68 52 68 48 48 56 80 56 64 64 60 68 68 68 56 68 64 72 72 64 60 60 64 60 80 68 80 68 72 72 72 44 76 48 80 68 52 64 72 64 60 60 60 48 68 80 56 60 64 60 68 56 64 68 88 60 72 60 68 60 60 68 
56 88 68 80 64 84 68 80 56 84 36 92 68 56 68 64 48 60 68 64 52 56 72 56 68 64 68 64 68 52 64 52 60 64 64 40 60 60 64 56 88 68 80 56 80 80 76 44 72 44 88 68 56 68 68 60 52 72 56 48 56 72 56 64 64 60 68 80 56 64 48 60 64 72 64 60 60 64 60 84 68 80 60 80 72 76 48 68 52 76 72 56 64 68 68 52 68 48 48 56 80 56 64 64 60 68 68 68 56 68 64 72 72 64 60 60 64 60 80 68 80 68 72 72 72 44 76 48 80 68 52 64 72 64 60 60 60 48 68 80 56 60 64 60 68 56 64 68 88 60 72 60 68 60 60 68 64 80 68 84 60 76 76 68 40 72 52 84 68 52 60 76 60 56 72 76 44 64 76 60 60 68 56 76 60 52 72 88 72 48 52 68 60 64 68 
56 88 68 80 56 80 80 76 44 72 44 88 68 56 68 68 60 52 72 56 48 56 72 56 64 64 60 68 80 56 64 48 60 64 72 64 60 60 64 60 84 68 80 60 80 72 76 48 68 52 76 72 56 64 68 68 52 68 48 48 56 80 56 64 64 60 68 68 68 56 68 64 72 72 64 60 60 64 60 80 68 80 68 72 72 72 44 76 48 80 68 52 64 72 64 60 60 60 48 68 80 56 60 64 60 68 56 64 68 88 60 72 60 68 60 60 68 64 80 68 84 60 76 76 68 40 72 52 84 68 52 60 76 60 56 72 76 44 64 76 60 60 68 56 76 60 52 72 88 72 48 52 68 60 64 68 64 76 68 84 56 76 76 76 32 76 64 76 68 56 56 84 60 44 68 88 60 48 64 60 64 72 60 72 72 52 60 72 84 48 44 64 60 64 64 
60 84 68 80 60 80 72 76 48 68 52 76 72 56 64 68 68 52 68 48 48 56 80 56 64 64 60 68 68 68 56 68 64 72 72 64 60 60 64 60 80 68 80 68 72 72 72 44 76 48 80 68 52 64 72 64 60 60 60 48 68 80 56 60 64 60 68 56 64 68 88 60 72 60 68 60 60 68 64 80 68 84 60 76 76 68 40 72 52 84 68 52 60 76 60 56 72 76 44 64 76 60 60 68 56 76 60 52 72 88 72 48 52 68 60 64 68 64 76 68 84 56 76 76 76 32 76 64 76 68 56 56 84 60 44 68 88 60 48 64 60 64 72 60 72 72 52 60 72 84 48 44 64 60 64 64 64 76 68 88 60 68 76 84 36 68 60 72 68 60 60 84 68 40 64 84 72 48 52 60 64 68 64 60 80 72 56 40 80 60 56 68 60 64 68 
60 80 68 80 68 72 72 72 44 76 48 80 68 52 64 72 64 60 60 60 48 68 80 56 60 64 60 68 56 64 68 88 60 72 60 68 60 60 68 64 80 68 84 60 76 76 68 40 72 52 84 68 52 60 76 60 56 72 76 44 64 76 60 60 68 56 76 60 52 72 88 72 48 52 68 60 64 68 64 76 68 84 56 76 76 76 32 76 64 76 68 56 56 84 60 44 68 88 60 48 64 60 64 72 60 72 72 52 60 72 84 48 44 64 60 64 64 64 76 68 88 60 68 76 84 36 68 60 72 68 60 60 84 68 40 64 84 72 48 52 60 64 68 64 60 80 72 56 40 80 60 56 68 60 64 68 64 76 64 96 64 60 80 84 40 60 44 84 64 64 60 84 80 52 60 60 76 44 56 64 60 68 72 52 68 92 60 24 68 72 68 64 60 68 68 
64 80 68 84 60 76 76 68 40 72 52 84 68 52 60 76 60 56 72 76 44 64 76 60 60 68 56 76 60 52 72 88 72 48 52 68 60 64 68 64 76 68 84 56 76 76 76 32 76 64 76 68 56 56 84 60 44 68 88 60 48 64 60 64 72 60 72 72 52 60 72 84 48 44 64 60 64 64 64 76 68 88 60 68 76 84 36 68 60 72 68 60 60 84 68 40 64 84 72 48 52 60 64 68 64 60 80 72 56 40 80 60 56 68 60 64 68 64 76 64 96 64 60 80 84 40 60 44 84 64 64 60 84 80 52 60 60 76 44 56 64 60 68 72 52 68 92 60 24 68 72 68 64 60 68 68 64 76 68 96 60 64 76 84 44 60 48 76 64 64 64 72 72 72 60 40 76 60 60 60 60 68 76 48 56 88 56 52 60 88 80 44 60 68 68 
64 76 68 84 56 76 76 76 32 76 64 76 68 56 56 84 60 44 68 88 60 48 64 60 64 72 60 72 72 52 60 72 84 48 44 64 60 64 64 64 76 68 88 60 68 76 84 36 68 60 72 68 60 60 84 68 40 64 84 72 48 52 60 64 68 64 60 80 72 56 40 80 60 56 68 60 64 68 64 76 64 96 64 60 80 84 40 60 44 84 64 64 60 84 80 52 60 60 76 44 56 64 60 68 72 52 68 92 60 24 68 72 68 64 60 68 68 64 76 68 96 60 64 76 84 44 60 48 76 64 64 64 72 72 72 60 40 76 60 60 60 60 68 76 48 56 88 56 52 60 88 80 44 60 68 68 64 76 68 96 68 68 72 72 40 56 60 72 64 68 72 64 72 84 48 44 72 72 72 40 60 76 68 52 64 68 64 76 64 76 60 48 60 72 68 
64 76 68 88 60 68 76 84 36 68 60 72 68 60 60 84 68 40 64 84 72 48 52 60 64 68 64 60 80 72 56 40 80 60 56 68 60 64 68 64 76 64 96 64 60 80 84 40 60 44 84 64 64 60 84 80 52 60 60 76 44 56 64 60 68 72 52 68 92 60 24 68 72 68 64 60 68 68 64 76 68 96 60 64 76 84 44 60 48 76 64 64 64 72 72 72 60 40 76 60 60 60 60 68 76 48 56 88 56 52 60 88 80 44 60 68 68 64 76 68 96 68 68 72 72 40 56 60 72 64 68 72 64 72 84 48 44 72 72 72 40 60 76 68 52 64 68 64 76 64 76 60 48 60 72 68 64 80 68 96 64 72 72 68 48 64 48 72 60 76 68 60 72 80 56 56 76 76 56 40 60 68 64 60 64 52 80 84 64 60 44 72 60 72 64 
64 76 64 96 64 60 80 84 40 60 44 84 64 64 60 84 80 52 60 60 76 44 56 64 60 68 72 52 68 92 60 24 68 72 68 64 60 68 68 64 76 68 96 60 64 76 84 44 60 48 76 64 64 64 72 72 72 60 40 76 60 60 60 60 68 76 48 56 88 56 52 60 88 80 44 60 68 68 64 76 68 96 68 68 72 72 40 56 60 72 64 68 72 64 72 84 48 44 72 72 72 40 60 76 68 52 64 68 64 76 64 76 60 48 60 72 68 64 80 68 96 64 72 72 68 48 64 48 72 60 76 68 60 72 80 56 56 76 76 56 40 60 68 64 60 64 52 80 84 64 60 44 72 60 72 64 64 80 68 96 68 72 64 76 48 68 56 56 60 72 68 60 72 68 68 72 68 68 48 52 64 52 64 68 64 60 76 84 48 40 64 84 64 68 64 
64 76 68 96 60 64 76 84 44 60 48 76 64 64 64 72 72 72 60 40 76 60 60 60 60 68 76 48 56 88 56 52 60 88 80 44 60 68 68 64 76 68 96 68 68 72 72 40 56 60 72 64 68 72 64 72 84 48 44 72 72 72 40 60 76 68 52 64 68 64 76 64 76 60 48 60 72 68 64 80 68 96 64 72 72 68 48 64 48 72 60 76 68 60 72 80 56 56 76 76 56 40 60 68 64 60 64 52 80 84 64 60 44 72 60 72 64 64 80 68 96 68 72 64 76 48 68 56 56 60 72 68 60 72 68 68 72 68 68 48 52 64 52 64 68 64 60 76 84 48 40 64 84 64 68 64 60 88 68 92 72 76 72 72 52 68 40 56 60 64 64 64 72 72 72 80 60 48 52 64 64 48 60 68 56 68 72 68 52 44 72 88 64 72 68 
64 76 68 96 68 68 72 72 40 56 60 72 64 68 72 64 72 84 48 44 72 72 72 40 60 76 68 52 64 68 64 76 64 76 60 48 60 72 68 64 80 68 96 64 72 72 68 48 64 48 72 60 76 68 60 72 80 56 56 76 76 56 40 60 68 64 60 64 52 80 84 64 60 44 72 60 72 64 64 80 68 96 68 72 64 76 48 68 56 56 60 72 68 60 72 68 68 72 68 68 48 52 64 52 64 68 64 60 76 84 48 40 64 84 64 68 64 60 88 68 92 72 76 72 72 52 68 40 56 60 64 64 64 72 72 72 80 60 48 52 64 64 48 60 68 56 68 72 68 52 44 72 88 64 72 68 60 80 68 92 76 72 80 76 48 60 40 68 60 56 64 64 64 72 80 76 56 40 56 80 68 48 68 64 48 60 60 68 64 68 72 68 64 72 64 
64 80 68 96 64 72 72 68 48 64 48 72 60 76 68 60 72 80 56 56 76 76 56 40 60 68 64 60 64 52 80 84 64 60 44 72 60 72 64 64 80 68 96 68 72 64 76 48 68 56 56 60 72 68 60 72 68 68 72 68 68 48 52 64 52 64 68 64 60 76 84 48 40 64 84 64 68 64 60 88 68 92 72 76 72 72 52 68 40 56 60 64 64 64 72 72 72 80 60 48 52 64 64 48 60 68 56 68 72 68 52 44 72 88 64 72 68 60 80 68 92 76 72 80 76 48 60 40 68 60 56 64 64 64 72 80 76 56 40 56 80 68 48 68 64 48 60 60 68 64 68 72 68 64 72 64 60 80 68 96 72 80 76 84 44 48 44 68 60 48 68 64 56 64 68 84 60 52 64 72 68 60 64 56 44 52 52 64 72 88 68 44 64 72 64 
64 80 68 96 68 72 64 76 48 68 56 56 60 72 68 60 72 68 68 72 68 68 48 52 64 52 64 68 64 60 76 84 48 40 64 84 64 68 64 60 88 68 92 72 76 72 72 52 68 40 56 60 64 64 64 72 72 72 80 60 48 52 64 64 48 60 68 56 68 72 68 52 44 72 88 64 72 68 60 80 68 92 76 72 80 76 48 60 40 68 60 56 64 64 64 72 80 76 56 40 56 80 68 48 68 64 48 60 60 68 64 68 72 68 64 72 64 60 80 68 96 72 80 76 84 44 48 44 68 60 48 68 64 56 64 68 84 60 52 64 72 68 60 64 56 44 52 52 64 72 88 68 44 64 72 64 56 76 72 96 68 76 80 80 44 52 44 68 64 52 64 60 40 60 64 80 64 72 64 56 72 72 56 56 48 52 60 56 72 88 68 56 64 72 64 
60 88 68 92 72 76 72 72 52 68 40 56 60 64 64 64 72 72 72 80 60 48 52 64 64 48 60 68 56 68 72 68 52 44 72 88 64 72 68 60 80 68 92 76 72 80 76 48 60 40 68 60 56 64 64 64 72 80 76 56 40 56 80 68 48 68 64 48 60 60 68 64 68 72 68 64 72 64 60 80 68 96 72 80 76 84 44 48 44 68 60 48 68 64 56 64 68 84 60 52 64 72 68 60 64 56 44 52 52 64 72 88 68 44 64 72 64 56 76 72 96 68 76 80 80 44 52 44 68 64 52 64 60 40 60 64 80 64 72 64 56 72 72 56 56 48 52 60 56 72 88 68 56 64 72 64 60 72 72 92 64 72 76 88 48 60 36 64 68 56 60 56 36 52 64 76 68 84 68 60 72 68 56 60 60 60 60 56 64 72 72 72 64 72 64 
60 80 68 92 76 72 80 76 48 60 40 68 60 56 64 64 64 72 80 76 56 40 56 80 68 48 68 64 48 60 60 68 64 68 72 68 64 72 64 60 80 68 96 72 80 76 84 44 48 44 68 60 48 68 64 56 64 68 84 60 52 64 72 68 60 64 56 44 52 52 64 72 88 68 44 64 72 64 56 76 72 96 68 76 80 80 44 52 44 68 64 52 64 60 40 60 64 80 64 72 64 56 72 72 56 56 48 52 60 56 72 88 68 56 64 72 64 60 72 72 92 64 72 76 88 48 60 36 64 68 56 60 56 36 52 64 76 68 84 68 60 72 68 56 60 60 60 60 56 64 72 72 72 64 72 64 60 72 68 92 52 72 76 88 48 64 40 64 72 56 56 56 36 52 56 72 68 80 72 68 64 68 56 68 72 68 60 56 60 60 76 72 64 72 64 
60 80 68 96 72 80 76 84 44 48 44 68 60 48 68 64 56 64 68 84 60 52 64 72 68 60 64 56 44 52 52 64 72 88 68 44 64 72 64 56 76 72 96 68 76 80 80 44 52 44 68 64 52 64 60 40 60 64 80 64 72 64 56 72 72 56 56 48 52 60 56 72 88 68 56 64 72 64 60 72 72 92 64 72 76 88 48 60 36 64 68 56 60 56 36 52 64 76 68 84 68 60 72 68 56 60 60 60 60 56 64 72 72 72 64 72 64 60 72 68 92 52 72 76 88 48 64 40 64 72 56 56 56 36 52 56 72 68 80 72 68 64 68 56 68 72 68 60 56 60 60 76 72 64 72 64 60 72 68 88 48 72 76 88 48 64 48 68 68 56 56 56 44 56 56 68 60 76 84 72 60 68 64 68 76 64 64 60 60 60 72 72 64 72 60 
56 76 72 96 68 76 80 80 44 52 44 68 64 52 64 60 40 60 64 80 64 72 64 56 72 72 56 56 48 52 60 56 72 88 68 56 64 72 64 60 72 72 92 64 72 76 88 48 60 36 64 68 56 60 56 36 52 64 76 68 84 68 60 72 68 56 60 60 60 60 56 64 72 72 72 64 72 64 60 72 68 92 52 72 76 88 48 64 40 64 72 56 56 56 36 52 56 72 68 80 72 68 64 68 56 68 72 68 60 56 60 60 76 72 64 72 64 60 72 68 88 48 72 76 88 48 64 48 68 68 56 56 56 44 56 56 68 60 76 84 72 60 68 64 68 76 64 64 60 60 60 72 72 64 72 60 64 68 68 88 44 68 72 88 48 68 48 68 64 60 56 60 52 52 56 64 60 76 80 76 60 64 64 64 76 60 60 68 64 72 60 64 64 68 64 
60 72 72 92 64 72 76 88 48 60 36 64 68 56 60 56 36 52 64 76 68 84 68 60 72 68 56 60 60 60 60 56 64 72 72 72 64 72 64 60 72 68 92 52 72 76 88 48 64 40 64 72 56 56 56 36 52 56 72 68 80 72 68 64 68 56 68 72 68 60 56 60 60 76 72 64 72 64 60 72 68 88 48 72 76 88 48 64 48 68 68 56 56 56 44 56 56 68 60 76 84 72 60 68 64 68 76 64 64 60 60 60 72 72 64 72 60 64 68 68 88 44 68 72 88 48 68 48 68 64 60 56 60 52 52 56 64 60 76 80 76 60 64 64 64 76 60 60 68 64 72 60 64 64 68 64 60 68 64 88 44 64 72 88 44 72 60 68 64 60 56 56 56 52 52 68 64 84 76 72 64 68 64 64 68 64 56 72 76 64 60 60 64 68 60 
60 72 68 92 52 72 76 88 48 64 40 64 72 56 56 56 36 52 56 72 68 80 72 68 64 68 56 68 72 68 60 56 60 60 76 72 64 72 64 60 72 68 88 48 72 76 88 48 64 48 68 68 56 56 56 44 56 56 68 60 76 84 72 60 68 64 68 76 64 64 60 60 60 72 72 64 72 60 64 68 68 88 44 68 72 88 48 68 48 68 64 60 56 60 52 52 56 64 60 76 80 76 60 64 64 64 76 60 60 68 64 72 60 64 64 68 64 60 68 64 88 44 64 72 88 44 72 60 68 64 60 56 56 56 52 52 68 64 84 76 72 64 68 64 64 68 64 56 72 76 64 60 60 64 68 60 60 68 64 88 40 64 68 88 44 76 56 76 64 64 56 56 56 56 44 72 76 80 76 72 68 68 68 64 72 76 56 64 84 56 52 56 64 68 56 
60 72 68 88 48 72 76 88 48 64 48 68 68 56 56 56 44 56 56 68 60 76 84 72 60 68 64 68 76 64 64 60 60 60 72 72 64 72 60 64 68 68 88 44 68 72 88 48 68 48 68 64 60 56 60 52 52 56 64 60 76 80 76 60 64 64 64 76 60 60 68 64 72 60 64 64 68 64 60 68 64 88 44 64 72 88 44 72 60 68 64 60 56 56 56 52 52 68 64 84 76 72 64 68 64 64 68 64 56 72 76 64 60 60 64 68 60 60 68 64 88 40 64 68 88 44 76 56 76 64 64 56 56 56 56 44 72 76 80 76 72 68 68 68 64 72 76 56 64 84 56 52 56 64 68 56 60 64 64 84 40 60 64 96 48 84 60 76 68 64 60 60 68 64 40 68 88 72 60 64 68 68 68 68 84 80 76 56 80 56 40 40 64 64 56 
64 68 68 88 44 68 72 88 48 68 48 68 64 60 56 60 52 52 56 64 60 76 80 76 60 64 64 64 76 60 60 68 64 72 60 64 64 68 64 60 68 64 88 44 64 72 88 44 72 60 68 64 60 56 56 56 52 52 68 64 84 76 72 64 68 64 64 68 64 56 72 76 64 60 60 64 68 60 60 68 64 88 40 64 68 88 44 76 56 76 64 64 56 56 56 56 44 72 76 80 76 72 68 68 68 64 72 76 56 64 84 56 52 56 64 68 56 60 64 64 84 40 60 64 96 48 84 60 76 68 64 60 60 68 64 40 68 88 72 60 64 68 68 68 68 84 80 76 56 80 56 40 40 64 64 56 64 68 64 84 40 64 52 96 60 80 60 76 68 68 60 60 80 76 56 64 96 68 44 44 64 72 64 68 76 76 88 56 56 60 48 40 64 56 56 
60 68 64 88 44 64 72 88 44 72 60 68 64 60 56 56 56 52 52 68 64 84 76 72 64 68 64 64 68 64 56 72 76 64 60 60 64 68 60 60 68 64 88 40 64 68 88 44 76 56 76 64 64 56 56 56 56 44 72 76 80 76 72 68 68 68 64 72 76 56 64 84 56 52 56 64 68 56 60 64 64 84 40 60 64 96 48 84 60 76 68 64 60 60 68 64 40 68 88 72 60 64 68 68 68 68 84 80 76 56 80 56 40 40 64 64 56 64 68 64 84 40 64 52 96 60 80 60 76 68 68 60 60 80 76 56 64 96 68 44 44 64 72 64 68 76 76 88 56 56 60 48 40 64 56 56 64 68 64 84 48 64 52 92 68 80 52 68 68 72 60 64 84 80 68 60 84 68 40 32 64 68 64 68 64 64 80 64 40 68 68 56 64 56 60 
60 68 64 88 40 64 68 88 44 76 56 76 64 64 56 56 56 56 44 72 76 80 76 72 68 68 68 64 72 76 56 64 84 56 52 56 64 68 56 60 64 64 84 40 60 64 96 48 84 60 76 68 64 60 60 68 64 40 68 88 72 60 64 68 68 68 68 84 80 76 56 80 56 40 40 64 64 56 64 68 64 84 40 64 52 96 60 80 60 76 68 68 60 60 80 76 56 64 96 68 44 44 64 72 64 68 76 76 88 56 56 60 48 40 64 56 56 64 68 64 84 48 64 52 92 68 80 52 68 68 72 60 64 84 80 68 60 84 68 40 32 64 68 64 68 64 64 80 64 40 68 68 56 64 56 60 64 72 60 84 56 72 64 88 68 84 32 60 68 72 56 64 84 72 76 64 64 76 48 36 60 60 64 72 52 56 60 76 44 64 80 80 64 52 60 
60 64 64 84 40 60 64 96 48 84 60 76 68 64 60 60 68 64 40 68 88 72 60 64 68 68 68 68 84 80 76 56 80 56 40 40 64 64 56 64 68 64 84 40 64 52 96 60 80 60 76 68 68 60 60 80 76 56 64 96 68 44 44 64 72 64 68 76 76 88 56 56 60 48 40 64 56 56 64 68 64 84 48 64 52 92 68 80 52 68 68 72 60 64 84 80 68 60 84 68 40 32 64 68 64 68 64 64 80 64 40 68 68 56 64 56 60 64 72 60 84 56 72 64 88 68 84 32 60 68 72 56 64 84 72 76 64 64 76 48 36 60 60 64 72 52 56 60 76 44 64 80 80 64 52 60 64 72 60 84 52 72 64 92 64 88 44 52 64 68 60 68 72 68 64 72 60 68 60 56 56 56 72 68 56 60 48 68 60 52 92 92 64 52 64 
64 68 64 84 40 64 52 96 60 80 60 76 68 68 60 60 80 76 56 64 96 68 44 44 64 72 64 68 76 76 88 56 56 60 48 40 64 56 56 64 68 64 84 48 64 52 92 68 80 52 68 68 72 60 64 84 80 68 60 84 68 40 32 64 68 64 68 64 64 80 64 40 68 68 56 64 56 60 64 72 60 84 56 72 64 88 68 84 32 60 68 72 56 64 84 72 76 64 64 76 48 36 60 60 64 72 52 56 60 76 44 64 80 80 64 52 60 64 72 60 84 52 72 64 92 64 88 44 52 64 68 60 68 72 68 64 72 60 68 60 56 56 56 72 68 56 60 48 68 60 52 92 92 64 52 64 64 76 60 84 56 68 60 96 64 92 44 56 60 64 64 68 72 72 56 68 60 64 80 72 60 56 64 60 72 72 56 56 76 56 80 88 64 52 60 
64 68 64 84 48 64 52 92 68 80 52 68 68 72 60 64 84 80 68 60 84 68 40 32 64 68 64 68 64 64 80 64 40 68 68 56 64 56 60 64 72 60 84 56 72 64 88 68 84 32 60 68 72 56 64 84 72 76 64 64 76 48 36 60 60 64 72 52 56 60 76 44 64 80 80 64 52 60 64 72 60 84 52 72 64 92 64 88 44 52 64 68 60 68 72 68 64 72 60 68 60 56 56 56 72 68 56 60 48 68 60 52 92 92 64 52 64 64 76 60 84 56 68 60 96 64 92 44 56 60 64 64 68 72 72 56 68 60 64 80 72 60 56 64 60 72 72 56 56 76 56 80 88 64 52 60 64 72 60 88 56 72 56 96 64 84 40 60 56 60 60 68 80 80 56 64 72 60 80 84 60 56 68 60 72 80 76 52 68 56 60 68 64 48 64 
64 72 60 84 56 72 64 88 68 84 32 60 68 72 56 64 84 72 76 64 64 76 48 36 60 60 64 72 52 56 60 76 44 64 80 80 64 52 60 64 72 60 84 52 72 64 92 64 88 44 52 64 68 60 68 72 68 64 72 60 68 60 56 56 56 72 68 56 60 48 68 60 52 92 92 64 52 64 64 76 60 84 56 68 60 96 64 92 44 56 60 64 64 68 72 72 56 68 60 64 80 72 60 56 64 60 72 72 56 56 76 56 80 88 64 52 60 64 72 60 88 56 72 56 96 64 84 40 60 56 60 60 68 80 80 56 64 72 60 80 84 60 56 68 60 72 80 76 52 68 56 60 68 64 48 64 60 68 60 88 64 76 60 92 64 88 56 64 56 56 68 68 84 92 72 52 64 56 76 76 60 60 68 60 64 60 84 60 56 56 40 48 60 52 64 
64 72 60 84 52 72 64 92 64 88 44 52 64 68 60 68 72 68 64 72 60 68 60 56 56 56 72 68 56 60 48 68 60 52 92 92 64 52 64 64 76 60 84 56 68 60 96 64 92 44 56 60 64 64 68 72 72 56 68 60 64 80 72 60 56 64 60 72 72 56 56 76 56 80 88 64 52 60 64 72 60 88 56 72 56 96 64 84 40 60 56 60 60 68 80 80 56 64 72 60 80 84 60 56 68 60 72 80 76 52 68 56 60 68 64 48 64 60 68 60 88 64 76 60 92 64 88 56 64 56 56 68 68 84 92 72 52 64 56 76 76 60 60 68 60 64 60 84 60 56 56 40 48 60 52 64 60 72 56 88 68 84 56 92 72 84 60 68 56 56 64 64 84 76 80 56 64 48 52 64 64 64 52 52 52 44 64 68 72 60 32 56 60 52 64 
64 76 60 84 56 68 60 96 64 92 44 56 60 64 64 68 72 72 56 68 60 64 80 72 60 56 64 60 72 72 56 56 76 56 80 88 64 52 60 64 72 60 88 56 72 56 96 64 84 40 60 56 60 60 68 80 80 56 64 72 60 80 84 60 56 68 60 72 80 76 52 68 56 60 68 64 48 64 60 68 60 88 64 76 60 92 64 88 56 64 56 56 68 68 84 92 72 52 64 56 76 76 60 60 68 60 64 60 84 60 56 56 40 48 60 52 64 60 72 56 88 68 84 56 92 72 84 60 68 56 56 64 64 84 76 80 56 64 48 52 64 64 64 52 52 52 44 64 68 72 60 32 56 60 52 64 56 68 64 88 68 88 68 88 56 80 48 64 56 56 52 56 68 68 72 56 72 48 36 64 64 60 48 56 44 44 48 60 76 72 56 64 60 52 64 
64 72 60 88 56 72 56 96 64 84 40 60 56 60 60 68 80 80 56 64 72 60 80 84 60 56 68 60 72 80 76 52 68 56 60 68 64 48 64 60 68 60 88 64 76 60 92 64 88 56 64 56 56 68 68 84 92 72 52 64 56 76 76 60 60 68 60 64 60 84 60 56 56 40 48 60 52 64 60 72 56 88 68 84 56 92 72 84 60 68 56 56 64 64 84 76 80 56 64 48 52 64 64 64 52 52 52 44 64 68 72 60 32 56 60 52 64 56 68 64 88 68 88 68 88 56 80 48 64 56 56 52 56 68 68 72 56 72 48 36 64 64 60 48 56 44 44 48 60 76 72 56 64 60 52 64 56 64 60 88 72 80 72 92 68 68 28 60 56 56 48 56 64 56 60 56 80 60 40 64 64 60 56 64 72 60 40 68 84 80 76 72 60 52 60 
60 68 60 88 64 76 60 92 64 88 56 64 56 56 68 68 84 92 72 52 64 56 76 76 60 60 68 60 64 60 84 60 56 56 40 48 60 52 64 60 72 56 88 68 84 56 92 72 84 60 68 56 56 64 64 84 76 80 56 64 48 52 64 64 64 52 52 52 44 64 68 72 60 32 56 60 52 64 56 68 64 88 68 88 68 88 56 80 48 64 56 56 52 56 68 68 72 56 72 48 36 64 64 60 48 56 44 44 48 60 76 72 56 64 60 52 64 56 64 60 88 72 80 72 92 68 68 28 60 56 56 48 56 64 56 60 56 80 60 40 64 64 60 56 64 72 60 40 68 84 80 76 72 60 52 60 56 64 52 80 64 80 60 84 76 76 36 68 56 56 48 56 72 60 44 60 100 68 48 72 64 68 72 72 80 84 64 64 64 84 88 64 60 48 60 
60 72 56 88 68 84 56 92 72 84 60 68 56 56 64 64 84 76 80 56 64 48 52 64 64 64 52 52 52 44 64 68 72 60 32 56 60 52 64 56 68 64 88 68 88 68 88 56 80 48 64 56 56 52 56 68 68 72 56 72 48 36 64 64 60 48 56 44 44 48 60 76 72 56 64 60 52 64 56 64 60 88 72 80 72 92 68 68 28 60 56 56 48 56 64 56 60 56 80 60 40 64 64 60 56 64 72 60 40 68 84 80 76 72 60 52 60 56 64 52 80 64 80 60 84 76 76 36 68 56 56 48 56 72 60 44 60 100 68 48 72 64 68 72 72 80 84 64 64 64 84 88 64 60 48 60 52 60 52 84 72 80 56 84 84 80 36 68 56 60 56 60 80 80 60 56 84 80 68 64 64 72 80 80 72 80 92 68 40 68 92 48 60 48 64 
56 68 64 88 68 88 68 88 56 80 48 64 56 56 52 56 68 68 72 56 72 48 36 64 64 60 48 56 44 44 48 60 76 72 56 64 60 52 64 56 64 60 88 72 80 72 92 68 68 28 60 56 56 48 56 64 56 60 56 80 60 40 64 64 60 56 64 72 60 40 68 84 80 76 72 60 52 60 56 64 52 80 64 80 60 84 76 76 36 68 56 56 48 56 72 60 44 60 100 68 48 72 64 68 72 72 80 84 64 64 64 84 88 64 60 48 60 52 60 52 84 72 80 56 84 84 80 36 68 56 60 56 60 80 80 60 56 84 80 68 64 64 72 80 80 72 80 92 68 40 68 92 48 60 48 64 48 60 56 84 80 84 52 88 88 80 24 72 56 64 64 72 84 80 80 64 72 76 80 52 72 80 72 72 48 60 76 64 40 64 92 56 60 48 72 
56 64 60 88 72 80 72 92 68 68 28 60 56 56 48 56 64 56 60 56 80 60 40 64 64 60 56 64 72 60 40 68 84 80 76 72 60 52 60 56 64 52 80 64 80 60 84 76 76 36 68 56 56 48 56 72 60 44 60 100 68 48 72 64 68 72 72 80 84 64 64 64 84 88 64 60 48 60 52 60 52 84 72 80 56 84 84 80 36 68 56 60 56 60 80 80 60 56 84 80 68 64 64 72 80 80 72 80 92 68 40 68 92 48 60 48 64 48 60 56 84 80 84 52 88 88 80 24 72 56 64 64 72 84 80 80 64 72 76 80 52 72 80 72 72 48 60 76 64 40 64 92 56 60 48 72 48 60 52 84 80 92 72 80 84 88 40 60 60 76 68 68 60 76 76 56 56 80 104 56 72 80 72 52 28 56 60 56 40 64 80 76 60 52 68 
56 64 52 80 64 80 60 84 76 76 36 68 56 56 48 56 72 60 44 60 100 68 48 72 64 68 72 72 80 84 64 64 64 84 88 64 60 48 60 52 60 52 84 72 80 56 84 84 80 36 68 56 60 56 60 80 80 60 56 84 80 68 64 64 72 80 80 72 80 92 68 40 68 92 48 60 48 64 48 60 56 84 80 84 52 88 88 80 24 72 56 64 64 72 84 80 80 64 72 76 80 52 72 80 72 72 48 60 76 64 40 64 92 56 60 48 72 48 60 52 84 80 92 72 80 84 88 40 60 60 76 68 68 60 76 76 56 56 80 104 56 72 80 72 52 28 56 60 56 40 64 80 76 60 52 68 48 64 52 88 76 88 68 84 84 84 56 60 64 80 72 60 40 68 72 52 44 76 104 68 60 72 76 52 44 48 60 72 56 44 48 88 60 52 64 
52 60 52 84 72 80 56 84 84 80 36 68 56 60 56 60 80 80 60 56 84 80 68 64 64 72 80 80 72 80 92 68 40 68 92 48 60 48 64 48 60 56 84 80 84 52 88 88 80 24 72 56 64 64 72 84 80 80 64 72 76 80 52 72 80 72 72 48 60 76 64 40 64 92 56 60 48 72 48 60 52 84 80 92 72 80 84 88 40 60 60 76 68 68 60 76 76 56 56 80 104 56 72 80 72 52 28 56 60 56 40 64 80 76 60 52 68 48 64 52 88 76 88 68 84 84 84 56 60 64 80 72 60 40 68 72 52 44 76 104 68 60 72 76 52 44 48 60 72 56 44 48 88 60 52 64 48 68 56 84 68 88 60 76 76 100 72 64 60 84 80 56 40 56 72 64 48 56 84 84 60 60 68 56 76 52 64 68 64 36 48 88 60 52 64 
48 60 56 84 80 84 52 88 88 80 24 72 56 64 64 72 84 80 80 64 72 76 80 52 72 80 72 72 48 60 76 64 40 64 92 56 60 48 72 48 60 52 84 80 92 72 80 84 88 40 60 60 76 68 68 60 76 76 56 56 80 104 56 72 80 72 52 28 56 60 56 40 64 80 76 60 52 68 48 64 52 88 76 88 68 84 84 84 56 60 64 80 72 60 40 68 72 52 44 76 104 68 60 72 76 52 44 48 60 72 56 44 48 88 60 52 64 48 68 56 84 68 88 60 76 76 100 72 64 60 84 80 56 40 56 72 64 48 56 84 84 60 60 68 56 76 52 64 68 64 36 48 88 60 52 64 48 72 60 80 64 92 68 80 72 84 60 72 56 76 76 52 56 52 72 60 44 40 80 96 64 48 44 60 88 60 68 68 76 48 56 72 60 56 72 