65664.000000
-30592.000000
-99584.000000
-18816.000000
57088.000000
3840.000000
-17280.000000
-124160.000000
-42240.000000
-88192.000000
64256.000000
53760.000000
-45312.000000
-3328.000000
-20992.000000
86784.000000
-103552.000000
50688.000000
21120.000000
-20480.000000
90624.000000
-75264.000000
-60416.000000
-68864.000000
-95360.000000
22784.000000
41728.000000
62464.000000
-78336.000000
92544.000000
128.000000
87424.000000
74880.000000
-132096.000000
66304.000000
50432.000000
48256.000000
-62592.000000
34304.000000
92032.000000
-80000.000000
-84480.000000
27264.000000
10368.000000
4224.000000
-29184.000000
-384.000000
7168.000000
101376.000000
3072.000000
44928.000000
7552.000000
-78976.000000
58496.000000
8704.000000
1536.000000
74880.000000
137472.000000
12032.000000
-45056.000000
-42240.000000
-10496.000000
51712.000000
-58368.000000
29056.000000
-54656.000000
6272.000000
58752.000000
-152064.000000
104832.000000
30464.000000
96896.000000
-120448.000000
18432.000000
-70272.000000
-12800.000000
-42368.000000
-30720.000000
-32640.000000
54144.000000
44544.000000
-59136.000000
53120.000000
-37760.000000
67200.000000
41600.000000
-13696.000000
-3840.000000
-79360.000000
43136.000000
99328.000000
161536.000000
-19840.000000
-39552.000000
57088.000000
-45056.000000
4480.000000
8064.000000
-20352.000000
-67968.000000
81792.000000
-115712.000000
-26368.000000
-31616.000000
42624.000000
109824.000000
-77184.000000
37632.000000
14080.000000
-113024.000000
-8704.000000
53120.000000
19840.000000
39296.000000
26240.000000
-65664.000000
2048.000000
61696.000000
14080.000000
32256.000000
-50944.000000
-114560.000000
-43264.000000
23040.000000
88448.000000
-29056.000000
2560.000000
43008.000000
-21120.000000
-83072.000000
38528.000000
-49536.000000
-36096.000000
41344.000000
14464.000000
49792.000000
-83968.000000
-21120.000000
-56832.000000
47232.000000
42368.000000
53248.000000
82688.000000
70400.000000
-17664.000000
-51584.000000
79488.000000
-143360.000000
-9856.000000
-75008.000000
-94080.000000
16896.000000
28800.000000
54656.000000
-13184.000000
-60288.000000
157312.000000
-43648.000000
35072.000000
-89728.000000
-13440.000000
-137472.000000
-7552.000000
71680.000000
640.000000
-27776.000000
-9728.000000
25088.000000
50816.000000
-52352.000000
-45184.000000
896.000000
37760.000000
-66176.000000
-67072.000000
4736.000000
-126080.000000
-74624.000000
9472.000000
-3712.000000
67200.000000
12928.000000
-82688.000000
69888.000000
-27392.000000
4352.000000
-35968.000000
-20992.000000
-64640.000000
54400.000000
-92672.000000
-72192.000000
142080.000000
20096.000000
-11392.000000
117376.000000
-28672.000000
13568.000000
16128.000000
32512.000000
102656.000000
-75648.000000
32896.000000
-72576.000000
-18688.000000
-68992.000000
46080.000000
-63872.000000
-42368.000000
65024.000000
59264.000000
-92160.000000
-10368.000000
-87296.000000
-36096.000000
32768.000000
-27648.000000
-21632.000000
41856.000000
37120.000000
75136.000000
-105344.000000
-99968.000000
-86272.000000
-77312.000000
-43520.000000
-4864.000000
17536.000000
-13568.000000
-45440.000000
9088.000000
-123264.000000
57344.000000
-48000.000000
50432.000000
-58752.000000
14976.000000
-178048.000000
121344.000000
28800.000000
-24960.000000
36608.000000
-76544.000000
87424.000000
103168.000000
23936.000000
-12544.000000
-31232.000000
-121216.000000
85376.000000
-105600.000000
44032.000000
-81152.000000
89216.000000
-12800.000000
52992.000000
-70272.000000
45056.000000
3968.000000
-34560.000000
68096.000000
-6656.000000
-28288.000000
105088.000000
93568.000000
28800.000000
-47488.000000
-1664.000000
-181248.000000
-2688.000000
115072.000000
57344.000000
-15104.000000
21760.000000
-43392.000000
61056.000000
-44672.000000
-36352.000000
-99712.000000
70016.000000
101376.000000
43520.000000
10880.000000
15872.000000
-24704.000000
-12672.000000
-72704.000000
25216.000000
-62336.000000
61184.000000
-14720.000000
-25088.000000
-19072.000000
77696.000000
4864.000000
-7552.000000
61184.000000
96512.000000
127616.000000
31872.000000
-31616.000000
-80384.000000
129152.000000
-34304.000000
43264.000000
-60160.000000
65920.000000
-91904.000000
-52864.000000
-16256.000000
2432.000000
47872.000000
-74368.000000
54272.000000
-72576.000000
896.000000
-57088.000000
-124288.000000
-115072.000000
-102912.000000
68736.000000
17408.000000
-2560.000000
18560.000000
19200.000000
35840.000000
-640.000000
80384.000000
3968.000000
-66816.000000
76416.000000
15232.000000
-45312.000000
74752.000000
10240.000000
16768.000000
43008.000000
101248.000000
30208.000000
2944.000000
-81792.000000
-6528.000000
-1536.000000
82688.000000
-82432.000000
-18304.000000
50688.000000
181248.000000
-192512.000000
8448.000000
-2048.000000
65408.000000
26752.000000
10112.000000
82944.000000
41472.000000
1920.000000
6144.000000
55680.000000
-57984.000000
-53632.000000
-28032.000000
35968.000000
-83200.000000
-51968.000000
-77184.000000
60928.000000
7552.000000
13184.000000
-79232.000000
2176.000000
38528.000000
-101632.000000
-71296.000000
28288.000000
-68736.000000
83968.000000
-42240.000000
58624.000000
-6912.000000
101376.000000
6912.000000
-29312.000000
-75776.000000
87680.000000
-52992.000000
43008.000000
105472.000000
-8704.000000
-16384.000000
-57472.000000
17408.000000
-30336.000000
-130176.000000
-9728.000000
59136.000000
65408.000000
-44800.000000
38912.000000
25344.000000
-88576.000000
35712.000000
17792.000000
-21120.000000
10880.000000
-41728.000000
-12032.000000
18944.000000
-66048.000000
41856.000000
7680.000000
